onset	duration	trial_type	value	sample
0.2	n/a	NonTarget	1	50
1.648	n/a	NonTarget	1	412
3.096	n/a	NonTarget	1	774
4.544	n/a	NonTarget	1	1136
5.992	n/a	NonTarget	1	1498
7.44	n/a	Target	2	1860
8.888	n/a	NonTarget	1	2222
10.336	n/a	NonTarget	1	2584
11.784	n/a	Target	2	2946
13.232	n/a	NonTarget	1	3308
14.68	n/a	NonTarget	1	3670
16.128	n/a	NonTarget	1	4032
17.576	n/a	NonTarget	1	4394
19.024	n/a	NonTarget	1	4756
20.472	n/a	NonTarget	1	5118
21.92	n/a	NonTarget	1	5480
23.368	n/a	NonTarget	1	5842
24.816	n/a	NonTarget	1	6204
26.264	n/a	NonTarget	1	6566
27.712	n/a	Target	2	6928
29.16	n/a	NonTarget	1	7290
30.608	n/a	NonTarget	1	7652
32.056	n/a	NonTarget	1	8014
33.504	n/a	NonTarget	1	8376
34.952	n/a	Target	2	8738
36.4	n/a	NonTarget	1	9100
37.848	n/a	NonTarget	1	9462
39.296	n/a	NonTarget	1	9824
40.744	n/a	NonTarget	1	10186
42.192	n/a	NonTarget	1	10548
43.64	n/a	NonTarget	1	10910
45.088	n/a	NonTarget	1	11272
46.536	n/a	NonTarget	1	11634
47.984	n/a	NonTarget	1	11996
49.432	n/a	NonTarget	1	12358
50.88	n/a	NonTarget	1	12720
52.328	n/a	NonTarget	1	13082
53.776	n/a	Target	2	13444
55.224	n/a	NonTarget	1	13806
56.672	n/a	NonTarget	1	14168
58.12	n/a	NonTarget	1	14530
59.568	n/a	NonTarget	1	14892
61.016	n/a	NonTarget	1	15254
62.464	n/a	NonTarget	1	15616
63.912	n/a	NonTarget	1	15978
65.36	n/a	Target	2	16340
66.808	n/a	NonTarget	1	16702
68.256	n/a	NonTarget	1	17064
69.704	n/a	NonTarget	1	17426
71.152	n/a	NonTarget	1	17788
72.6	n/a	NonTarget	1	18150
74.048	n/a	NonTarget	1	18512
75.496	n/a	NonTarget	1	18874
76.944	n/a	NonTarget	1	19236
78.392	n/a	NonTarget	1	19598
79.84	n/a	Target	2	19960
81.288	n/a	NonTarget	1	20322
82.736	n/a	NonTarget	1	20684
84.184	n/a	NonTarget	1	21046
85.632	n/a	Target	2	21408
87.08	n/a	NonTarget	1	21770
88.528	n/a	NonTarget	1	22132
89.976	n/a	NonTarget	1	22494
91.424	n/a	NonTarget	1	22856
92.872	n/a	NonTarget	1	23218
94.32	n/a	NonTarget	1	23580
95.768	n/a	NonTarget	1	23942
97.216	n/a	NonTarget	1	24304
98.664	n/a	NonTarget	1	24666
100.112	n/a	NonTarget	1	25028
101.56	n/a	NonTarget	1	25390
103.008	n/a	Target	2	25752
104.456	n/a	NonTarget	1	26114
105.904	n/a	NonTarget	1	26476
107.352	n/a	NonTarget	1	26838
108.8	n/a	NonTarget	1	27200
110.248	n/a	NonTarget	1	27562
111.696	n/a	Target	2	27924
113.144	n/a	NonTarget	1	28286
114.592	n/a	NonTarget	1	28648
116.04	n/a	NonTarget	1	29010
117.488	n/a	Target	2	29372
118.936	n/a	NonTarget	1	29734
120.384	n/a	NonTarget	1	30096
121.832	n/a	NonTarget	1	30458
123.28	n/a	NonTarget	1	30820
124.728	n/a	NonTarget	1	31182
126.176	n/a	NonTarget	1	31544
127.624	n/a	NonTarget	1	31906
129.072	n/a	NonTarget	1	32268
130.52	n/a	NonTarget	1	32630
131.968	n/a	NonTarget	1	32992
133.416	n/a	NonTarget	1	33354
134.864	n/a	Target	2	33716
136.312	n/a	NonTarget	1	34078
137.76	n/a	NonTarget	1	34440
139.208	n/a	NonTarget	1	34802
140.656	n/a	NonTarget	1	35164
142.104	n/a	NonTarget	1	35526
143.552	n/a	NonTarget	1	35888
145.0	n/a	Target	2	36250
146.448	n/a	NonTarget	1	36612
147.896	n/a	NonTarget	1	36974
149.344	n/a	NonTarget	1	37336
150.792	n/a	NonTarget	1	37698
152.24	n/a	NonTarget	1	38060
153.688	n/a	NonTarget	1	38422
155.136	n/a	NonTarget	1	38784
156.584	n/a	Target	2	39146
158.032	n/a	NonTarget	1	39508
159.48	n/a	NonTarget	1	39870
160.928	n/a	NonTarget	1	40232
162.376	n/a	NonTarget	1	40594
163.824	n/a	NonTarget	1	40956
165.272	n/a	Target	2	41318
166.72	n/a	NonTarget	1	41680
168.168	n/a	NonTarget	1	42042
169.616	n/a	NonTarget	1	42404
171.064	n/a	NonTarget	1	42766
172.512	n/a	NonTarget	1	43128
173.96	n/a	NonTarget	1	43490
175.408	n/a	NonTarget	1	43852
176.856	n/a	NonTarget	1	44214
178.304	n/a	Target	2	44576
179.752	n/a	NonTarget	1	44938
181.2	n/a	NonTarget	1	45300
182.648	n/a	NonTarget	1	45662
184.096	n/a	NonTarget	1	46024
185.544	n/a	NonTarget	1	46386
186.992	n/a	NonTarget	1	46748
188.44	n/a	NonTarget	1	47110
189.888	n/a	Target	2	47472
191.336	n/a	NonTarget	1	47834
192.784	n/a	NonTarget	1	48196
194.232	n/a	NonTarget	1	48558
195.68	n/a	NonTarget	1	48920
197.128	n/a	NonTarget	1	49282
198.576	n/a	NonTarget	1	49644
200.024	n/a	NonTarget	1	50006
201.472	n/a	NonTarget	1	50368
202.92	n/a	NonTarget	1	50730
204.368	n/a	NonTarget	1	51092
205.816	n/a	NonTarget	1	51454
207.264	n/a	Target	2	51816
208.712	n/a	NonTarget	1	52178
210.16	n/a	Target	2	52540
211.608	n/a	NonTarget	1	52902
213.056	n/a	NonTarget	1	53264
214.504	n/a	NonTarget	1	53626
215.952	n/a	NonTarget	1	53988
217.4	n/a	NonTarget	1	54350
218.848	n/a	NonTarget	1	54712
220.296	n/a	NonTarget	1	55074
221.744	n/a	NonTarget	1	55436
223.192	n/a	NonTarget	1	55798
224.64	n/a	NonTarget	1	56160
226.088	n/a	NonTarget	1	56522
227.536	n/a	Target	2	56884
228.984	n/a	NonTarget	1	57246
230.432	n/a	NonTarget	1	57608
231.88	n/a	NonTarget	1	57970
233.328	n/a	NonTarget	1	58332
234.776	n/a	Target	2	58694
236.224	n/a	NonTarget	1	59056
237.672	n/a	NonTarget	1	59418
239.12	n/a	NonTarget	1	59780
240.568	n/a	NonTarget	1	60142
242.016	n/a	NonTarget	1	60504
243.464	n/a	NonTarget	1	60866
244.912	n/a	Target	2	61228
246.36	n/a	NonTarget	1	61590
247.808	n/a	NonTarget	1	61952
249.256	n/a	NonTarget	1	62314
250.704	n/a	NonTarget	1	62676
252.152	n/a	NonTarget	1	63038
253.6	n/a	NonTarget	1	63400
255.048	n/a	NonTarget	1	63762
256.496	n/a	Target	2	64124
257.944	n/a	NonTarget	1	64486
259.392	n/a	NonTarget	1	64848
260.84	n/a	NonTarget	1	65210
262.288	n/a	NonTarget	1	65572
263.736	n/a	NonTarget	1	65934
265.184	n/a	NonTarget	1	66296
266.632	n/a	NonTarget	1	66658
268.08	n/a	NonTarget	1	67020
269.528	n/a	NonTarget	1	67382
270.976	n/a	Target	2	67744
272.424	n/a	NonTarget	1	68106
273.872	n/a	NonTarget	1	68468
275.32	n/a	NonTarget	1	68830
276.768	n/a	NonTarget	1	69192
278.216	n/a	NonTarget	1	69554
279.664	n/a	NonTarget	1	69916
281.112	n/a	NonTarget	1	70278
282.56	n/a	NonTarget	1	70640
284.008	n/a	NonTarget	1	71002
285.456	n/a	Target	2	71364
286.904	n/a	NonTarget	1	71726
288.352	n/a	NonTarget	1	72088
289.8	n/a	NonTarget	1	72450
291.248	n/a	NonTarget	1	72812
292.696	n/a	NonTarget	1	73174
294.144	n/a	Target	2	73536
295.592	n/a	NonTarget	1	73898
297.04	n/a	NonTarget	1	74260
298.488	n/a	NonTarget	1	74622
299.936	n/a	NonTarget	1	74984
301.384	n/a	Target	2	75346
302.832	n/a	NonTarget	1	75708
304.28	n/a	NonTarget	1	76070
305.728	n/a	NonTarget	1	76432
307.176	n/a	NonTarget	1	76794
308.624	n/a	NonTarget	1	77156
310.072	n/a	NonTarget	1	77518
311.52	n/a	NonTarget	1	77880
312.968	n/a	NonTarget	1	78242
314.416	n/a	NonTarget	1	78604
315.864	n/a	NonTarget	1	78966
317.312	n/a	NonTarget	1	79328
318.76	n/a	NonTarget	1	79690
320.208	n/a	NonTarget	1	80052
321.656	n/a	NonTarget	1	80414
323.104	n/a	Target	2	80776
324.552	n/a	NonTarget	1	81138
326.0	n/a	NonTarget	1	81500
327.448	n/a	NonTarget	1	81862
328.896	n/a	NonTarget	1	82224
330.344	n/a	Target	2	82586
331.792	n/a	NonTarget	1	82948
333.24	n/a	NonTarget	1	83310
334.688	n/a	NonTarget	1	83672
336.136	n/a	NonTarget	1	84034
337.584	n/a	NonTarget	1	84396
339.032	n/a	NonTarget	1	84758
340.48	n/a	NonTarget	1	85120
341.928	n/a	NonTarget	1	85482
343.376	n/a	Target	2	85844
344.824	n/a	NonTarget	1	86206
346.272	n/a	NonTarget	1	86568
347.72	n/a	NonTarget	1	86930
349.168	n/a	Target	2	87292
350.616	n/a	NonTarget	1	87654
352.064	n/a	NonTarget	1	88016
353.512	n/a	NonTarget	1	88378
354.96	n/a	NonTarget	1	88740
356.408	n/a	NonTarget	1	89102
357.856	n/a	NonTarget	1	89464
359.304	n/a	NonTarget	1	89826
360.752	n/a	NonTarget	1	90188
362.2	n/a	NonTarget	1	90550
363.648	n/a	NonTarget	1	90912
365.096	n/a	NonTarget	1	91274
366.544	n/a	Target	2	91636
367.992	n/a	NonTarget	1	91998
369.44	n/a	NonTarget	1	92360
370.888	n/a	NonTarget	1	92722
372.336	n/a	NonTarget	1	93084
373.784	n/a	NonTarget	1	93446
375.232	n/a	NonTarget	1	93808
376.68	n/a	NonTarget	1	94170
378.128	n/a	NonTarget	1	94532
379.576	n/a	Target	2	94894
381.024	n/a	NonTarget	1	95256
382.472	n/a	NonTarget	1	95618
383.92	n/a	NonTarget	1	95980
385.368	n/a	NonTarget	1	96342
386.816	n/a	NonTarget	1	96704
388.264	n/a	NonTarget	1	97066
389.712	n/a	Target	2	97428
391.16	n/a	NonTarget	1	97790
392.608	n/a	NonTarget	1	98152
394.056	n/a	NonTarget	1	98514
395.504	n/a	Target	2	98876
396.952	n/a	NonTarget	1	99238
398.4	n/a	NonTarget	1	99600
399.848	n/a	NonTarget	1	99962
401.296	n/a	NonTarget	1	100324
402.744	n/a	NonTarget	1	100686
404.192	n/a	NonTarget	1	101048
405.64	n/a	NonTarget	1	101410
407.088	n/a	NonTarget	1	101772
408.536	n/a	NonTarget	1	102134
409.984	n/a	NonTarget	1	102496
411.432	n/a	NonTarget	1	102858
412.88	n/a	Target	2	103220
414.328	n/a	NonTarget	1	103582
415.776	n/a	NonTarget	1	103944
417.224	n/a	NonTarget	1	104306
418.672	n/a	Target	2	104668
420.12	n/a	NonTarget	1	105030
421.568	n/a	NonTarget	1	105392
423.016	n/a	NonTarget	1	105754
424.464	n/a	NonTarget	1	106116
425.912	n/a	NonTarget	1	106478
427.36	n/a	NonTarget	1	106840
428.808	n/a	Target	2	107202
430.256	n/a	NonTarget	1	107564
431.704	n/a	NonTarget	1	107926
433.152	n/a	NonTarget	1	108288
434.6	n/a	NonTarget	1	108650
436.048	n/a	NonTarget	1	109012
437.496	n/a	NonTarget	1	109374
438.944	n/a	NonTarget	1	109736
440.392	n/a	NonTarget	1	110098
441.84	n/a	Target	2	110460
443.288	n/a	NonTarget	1	110822
444.736	n/a	NonTarget	1	111184
446.184	n/a	NonTarget	1	111546
447.632	n/a	NonTarget	1	111908
449.08	n/a	NonTarget	1	112270
450.528	n/a	NonTarget	1	112632
451.976	n/a	NonTarget	1	112994
453.424	n/a	NonTarget	1	113356
454.872	n/a	NonTarget	1	113718
456.32	n/a	NonTarget	1	114080
457.768	n/a	NonTarget	1	114442
459.216	n/a	NonTarget	1	114804
460.664	n/a	NonTarget	1	115166
462.112	n/a	Target	2	115528
463.56	n/a	NonTarget	1	115890
465.008	n/a	NonTarget	1	116252
466.456	n/a	NonTarget	1	116614
467.904	n/a	NonTarget	1	116976
469.352	n/a	Target	2	117338
470.8	n/a	NonTarget	1	117700
472.248	n/a	NonTarget	1	118062
473.696	n/a	NonTarget	1	118424
475.144	n/a	NonTarget	1	118786
476.592	n/a	NonTarget	1	119148
478.04	n/a	NonTarget	1	119510
479.488	n/a	NonTarget	1	119872
480.936	n/a	NonTarget	1	120234
482.384	n/a	NonTarget	1	120596
483.832	n/a	NonTarget	1	120958
485.28	n/a	Target	2	121320
486.728	n/a	NonTarget	1	121682
488.176	n/a	NonTarget	1	122044
489.624	n/a	NonTarget	1	122406
491.072	n/a	NonTarget	1	122768
492.52	n/a	NonTarget	1	123130
493.968	n/a	NonTarget	1	123492
495.416	n/a	Target	2	123854
496.864	n/a	NonTarget	1	124216
498.312	n/a	Target	2	124578
499.76	n/a	NonTarget	1	124940
501.208	n/a	NonTarget	1	125302
502.656	n/a	NonTarget	1	125664
504.104	n/a	NonTarget	1	126026
505.552	n/a	NonTarget	1	126388
507.0	n/a	NonTarget	1	126750
508.448	n/a	NonTarget	1	127112
509.896	n/a	NonTarget	1	127474
511.344	n/a	NonTarget	1	127836
512.792	n/a	NonTarget	1	128198
514.24	n/a	NonTarget	1	128560
515.688	n/a	Target	2	128922
517.136	n/a	NonTarget	1	129284
518.584	n/a	NonTarget	1	129646
520.032	n/a	NonTarget	1	130008
521.48	n/a	NonTarget	1	130370
522.928	n/a	NonTarget	1	130732
524.376	n/a	NonTarget	1	131094
525.824	n/a	NonTarget	1	131456
527.272	n/a	NonTarget	1	131818
528.72	n/a	NonTarget	1	132180
530.168	n/a	NonTarget	1	132542
531.616	n/a	Target	2	132904
533.064	n/a	NonTarget	1	133266
534.512	n/a	NonTarget	1	133628
535.96	n/a	NonTarget	1	133990
537.408	n/a	NonTarget	1	134352
538.856	n/a	Target	2	134714
540.304	n/a	NonTarget	1	135076
541.752	n/a	NonTarget	1	135438
543.2	n/a	NonTarget	1	135800
544.648	n/a	NonTarget	1	136162
546.096	n/a	NonTarget	1	136524
547.544	n/a	Target	2	136886
548.992	n/a	NonTarget	1	137248
550.44	n/a	NonTarget	1	137610
551.888	n/a	NonTarget	1	137972
553.336	n/a	NonTarget	1	138334
554.784	n/a	NonTarget	1	138696
556.232	n/a	Target	2	139058
557.68	n/a	NonTarget	1	139420
559.128	n/a	NonTarget	1	139782
560.576	n/a	NonTarget	1	140144
562.024	n/a	NonTarget	1	140506
563.472	n/a	NonTarget	1	140868
564.92	n/a	NonTarget	1	141230
566.368	n/a	NonTarget	1	141592
567.816	n/a	NonTarget	1	141954
569.264	n/a	NonTarget	1	142316
570.712	n/a	NonTarget	1	142678
572.16	n/a	NonTarget	1	143040
573.608	n/a	NonTarget	1	143402
575.056	n/a	Target	2	143764
576.504	n/a	NonTarget	1	144126
577.952	n/a	NonTarget	1	144488
579.4	n/a	NonTarget	1	144850
580.848	n/a	NonTarget	1	145212
582.296	n/a	NonTarget	1	145574
583.744	n/a	NonTarget	1	145936
585.192	n/a	NonTarget	1	146298
586.64	n/a	Target	2	146660
588.088	n/a	NonTarget	1	147022
589.536	n/a	NonTarget	1	147384
590.984	n/a	NonTarget	1	147746
592.432	n/a	NonTarget	1	148108
593.88	n/a	Target	2	148470
595.328	n/a	NonTarget	1	148832
596.776	n/a	NonTarget	1	149194
598.224	n/a	NonTarget	1	149556
599.672	n/a	NonTarget	1	149918
601.12	n/a	NonTarget	1	150280
602.568	n/a	NonTarget	1	150642
604.016	n/a	NonTarget	1	151004
605.464	n/a	NonTarget	1	151366
606.912	n/a	Target	2	151728
608.36	n/a	NonTarget	1	152090
609.808	n/a	NonTarget	1	152452
611.256	n/a	NonTarget	1	152814
612.704	n/a	NonTarget	1	153176
614.152	n/a	NonTarget	1	153538
615.6	n/a	NonTarget	1	153900
617.048	n/a	Target	2	154262
618.496	n/a	NonTarget	1	154624
619.944	n/a	NonTarget	1	154986
621.392	n/a	NonTarget	1	155348
622.84	n/a	NonTarget	1	155710
624.288	n/a	NonTarget	1	156072
625.736	n/a	NonTarget	1	156434
627.184	n/a	NonTarget	1	156796
628.632	n/a	NonTarget	1	157158
630.08	n/a	NonTarget	1	157520
631.528	n/a	NonTarget	1	157882
632.976	n/a	NonTarget	1	158244
634.424	n/a	NonTarget	1	158606
635.872	n/a	Target	2	158968
637.32	n/a	NonTarget	1	159330
638.768	n/a	Target	2	159692
640.216	n/a	NonTarget	1	160054
641.664	n/a	NonTarget	1	160416
643.112	n/a	NonTarget	1	160778
644.56	n/a	NonTarget	1	161140
646.008	n/a	NonTarget	1	161502
647.456	n/a	NonTarget	1	161864
648.904	n/a	NonTarget	1	162226
650.352	n/a	NonTarget	1	162588
651.8	n/a	NonTarget	1	162950
653.248	n/a	Target	2	163312
654.696	n/a	NonTarget	1	163674
656.144	n/a	NonTarget	1	164036
657.592	n/a	NonTarget	1	164398
659.04	n/a	NonTarget	1	164760
660.488	n/a	NonTarget	1	165122
661.936	n/a	NonTarget	1	165484
663.384	n/a	NonTarget	1	165846
664.832	n/a	Target	2	166208
666.28	n/a	NonTarget	1	166570
667.728	n/a	NonTarget	1	166932
669.176	n/a	NonTarget	1	167294
670.624	n/a	NonTarget	1	167656
672.072	n/a	NonTarget	1	168018
673.52	n/a	NonTarget	1	168380
674.968	n/a	Target	2	168742
676.416	n/a	NonTarget	1	169104
677.864	n/a	NonTarget	1	169466
679.312	n/a	NonTarget	1	169828
680.76	n/a	NonTarget	1	170190
682.208	n/a	NonTarget	1	170552
683.656	n/a	NonTarget	1	170914
685.104	n/a	NonTarget	1	171276
686.552	n/a	Target	2	171638
688.0	n/a	NonTarget	1	172000
689.448	n/a	NonTarget	1	172362
690.896	n/a	NonTarget	1	172724
692.344	n/a	NonTarget	1	173086
693.792	n/a	NonTarget	1	173448
695.24	n/a	Target	2	173810
696.688	n/a	NonTarget	1	174172
698.136	n/a	NonTarget	1	174534
699.584	n/a	NonTarget	1	174896
701.032	n/a	NonTarget	1	175258
702.48	n/a	NonTarget	1	175620
703.928	n/a	NonTarget	1	175982
705.376	n/a	NonTarget	1	176344
706.824	n/a	NonTarget	1	176706
708.272	n/a	NonTarget	1	177068
709.72	n/a	NonTarget	1	177430
711.168	n/a	NonTarget	1	177792
712.616	n/a	NonTarget	1	178154
714.064	n/a	NonTarget	1	178516
715.512	n/a	Target	2	178878
716.96	n/a	NonTarget	1	179240
718.408	n/a	Target	2	179602
719.856	n/a	NonTarget	1	179964
721.304	n/a	NonTarget	1	180326
722.752	n/a	NonTarget	1	180688
724.2	n/a	NonTarget	1	181050
725.648	n/a	NonTarget	1	181412
727.096	n/a	NonTarget	1	181774
728.544	n/a	NonTarget	1	182136
729.992	n/a	NonTarget	1	182498
731.44	n/a	NonTarget	1	182860
732.888	n/a	NonTarget	1	183222
734.336	n/a	NonTarget	1	183584
735.784	n/a	NonTarget	1	183946
737.232	n/a	NonTarget	1	184308
738.68	n/a	NonTarget	1	184670
740.128	n/a	Target	2	185032
741.576	n/a	NonTarget	1	185394
743.024	n/a	NonTarget	1	185756
744.472	n/a	NonTarget	1	186118
745.92	n/a	NonTarget	1	186480
747.368	n/a	Target	2	186842
748.816	n/a	NonTarget	1	187204
750.264	n/a	NonTarget	1	187566
751.712	n/a	NonTarget	1	187928
753.16	n/a	NonTarget	1	188290
754.608	n/a	NonTarget	1	188652
756.056	n/a	NonTarget	1	189014
757.504	n/a	NonTarget	1	189376
758.952	n/a	Target	2	189738
760.4	n/a	NonTarget	1	190100
761.848	n/a	NonTarget	1	190462
763.296	n/a	NonTarget	1	190824
764.744	n/a	NonTarget	1	191186
766.192	n/a	Target	2	191548
767.64	n/a	NonTarget	1	191910
769.088	n/a	NonTarget	1	192272
770.536	n/a	NonTarget	1	192634
771.984	n/a	NonTarget	1	192996
773.432	n/a	NonTarget	1	193358
774.88	n/a	NonTarget	1	193720
776.328	n/a	NonTarget	1	194082
777.776	n/a	NonTarget	1	194444
779.224	n/a	Target	2	194806
780.672	n/a	NonTarget	1	195168
782.12	n/a	NonTarget	1	195530
783.568	n/a	NonTarget	1	195892
785.016	n/a	NonTarget	1	196254
786.464	n/a	NonTarget	1	196616
787.912	n/a	NonTarget	1	196978
789.36	n/a	Target	2	197340
790.808	n/a	NonTarget	1	197702
792.256	n/a	NonTarget	1	198064
793.704	n/a	NonTarget	1	198426
795.152	n/a	NonTarget	1	198788
796.6	n/a	NonTarget	1	199150
798.048	n/a	NonTarget	1	199512
799.496	n/a	NonTarget	1	199874
800.944	n/a	NonTarget	1	200236
802.392	n/a	NonTarget	1	200598
803.84	n/a	NonTarget	1	200960
805.288	n/a	NonTarget	1	201322
806.736	n/a	Target	2	201684
808.184	n/a	NonTarget	1	202046
809.632	n/a	NonTarget	1	202408
811.08	n/a	NonTarget	1	202770
812.528	n/a	NonTarget	1	203132
813.976	n/a	Target	2	203494
815.424	n/a	NonTarget	1	203856
816.872	n/a	NonTarget	1	204218
818.32	n/a	NonTarget	1	204580
819.768	n/a	NonTarget	1	204942
821.216	n/a	NonTarget	1	205304
822.664	n/a	NonTarget	1	205666
824.112	n/a	NonTarget	1	206028
825.56	n/a	Target	2	206390
827.008	n/a	NonTarget	1	206752
828.456	n/a	NonTarget	1	207114
829.904	n/a	NonTarget	1	207476
831.352	n/a	NonTarget	1	207838
832.8	n/a	NonTarget	1	208200
834.248	n/a	NonTarget	1	208562
835.696	n/a	NonTarget	1	208924
837.144	n/a	Target	2	209286
838.592	n/a	NonTarget	1	209648
840.04	n/a	NonTarget	1	210010
841.488	n/a	NonTarget	1	210372
842.936	n/a	NonTarget	1	210734
844.384	n/a	NonTarget	1	211096
845.832	n/a	NonTarget	1	211458
847.28	n/a	NonTarget	1	211820
848.728	n/a	NonTarget	1	212182
850.176	n/a	NonTarget	1	212544
851.624	n/a	NonTarget	1	212906
853.072	n/a	NonTarget	1	213268
854.52	n/a	NonTarget	1	213630
855.968	n/a	Target	2	213992
857.416	n/a	NonTarget	1	214354
858.864	n/a	NonTarget	1	214716
860.312	n/a	NonTarget	1	215078
861.76	n/a	NonTarget	1	215440
863.208	n/a	NonTarget	1	215802
864.656	n/a	Target	2	216164
866.104	n/a	NonTarget	1	216526
867.552	n/a	NonTarget	1	216888
869.0	n/a	Target	2	217250
870.448	n/a	NonTarget	1	217612
871.896	n/a	NonTarget	1	217974
873.344	n/a	NonTarget	1	218336
874.792	n/a	NonTarget	1	218698
876.24	n/a	NonTarget	1	219060
877.688	n/a	NonTarget	1	219422
879.136	n/a	NonTarget	1	219784
880.584	n/a	NonTarget	1	220146
882.032	n/a	NonTarget	1	220508
883.48	n/a	NonTarget	1	220870
884.928	n/a	Target	2	221232
886.376	n/a	NonTarget	1	221594
887.824	n/a	NonTarget	1	221956
889.272	n/a	NonTarget	1	222318
890.72	n/a	NonTarget	1	222680
892.168	n/a	NonTarget	1	223042
893.616	n/a	NonTarget	1	223404
895.064	n/a	NonTarget	1	223766
896.512	n/a	Target	2	224128
897.96	n/a	NonTarget	1	224490
899.408	n/a	NonTarget	1	224852
900.856	n/a	NonTarget	1	225214
902.304	n/a	NonTarget	1	225576
903.752	n/a	NonTarget	1	225938
905.2	n/a	NonTarget	1	226300
906.648	n/a	Target	2	226662
908.096	n/a	NonTarget	1	227024
909.544	n/a	NonTarget	1	227386
910.992	n/a	NonTarget	1	227748
912.44	n/a	NonTarget	1	228110
913.888	n/a	NonTarget	1	228472
915.336	n/a	NonTarget	1	228834
916.784	n/a	Target	2	229196
918.232	n/a	NonTarget	1	229558
919.68	n/a	NonTarget	1	229920
921.128	n/a	NonTarget	1	230282
922.576	n/a	NonTarget	1	230644
924.024	n/a	NonTarget	1	231006
925.472	n/a	NonTarget	1	231368
926.92	n/a	NonTarget	1	231730
928.368	n/a	NonTarget	1	232092
929.816	n/a	NonTarget	1	232454
931.264	n/a	NonTarget	1	232816
932.712	n/a	Target	2	233178
934.16	n/a	NonTarget	1	233540
935.608	n/a	NonTarget	1	233902
937.056	n/a	NonTarget	1	234264
938.504	n/a	NonTarget	1	234626
939.952	n/a	NonTarget	1	234988
941.4	n/a	NonTarget	1	235350
942.848	n/a	Target	2	235712
944.296	n/a	NonTarget	1	236074
945.744	n/a	NonTarget	1	236436
947.192	n/a	NonTarget	1	236798
948.64	n/a	NonTarget	1	237160
950.088	n/a	NonTarget	1	237522
951.536	n/a	NonTarget	1	237884
952.984	n/a	NonTarget	1	238246
954.432	n/a	Target	2	238608
955.88	n/a	NonTarget	1	238970
957.328	n/a	NonTarget	1	239332
958.776	n/a	NonTarget	1	239694
960.224	n/a	NonTarget	1	240056
961.672	n/a	NonTarget	1	240418
963.12	n/a	NonTarget	1	240780
964.568	n/a	NonTarget	1	241142
966.016	n/a	NonTarget	1	241504
967.464	n/a	NonTarget	1	241866
968.912	n/a	NonTarget	1	242228
970.36	n/a	NonTarget	1	242590
971.808	n/a	Target	2	242952
973.256	n/a	NonTarget	1	243314
974.704	n/a	NonTarget	1	243676
976.152	n/a	NonTarget	1	244038
977.6	n/a	NonTarget	1	244400
979.048	n/a	NonTarget	1	244762
980.496	n/a	NonTarget	1	245124
981.944	n/a	Target	2	245486
983.392	n/a	NonTarget	1	245848
984.84	n/a	NonTarget	1	246210
986.288	n/a	NonTarget	1	246572
987.736	n/a	NonTarget	1	246934
989.184	n/a	Target	2	247296
990.632	n/a	NonTarget	1	247658
992.08	n/a	NonTarget	1	248020
993.528	n/a	NonTarget	1	248382
994.976	n/a	NonTarget	1	248744
996.424	n/a	NonTarget	1	249106
997.872	n/a	NonTarget	1	249468
999.32	n/a	NonTarget	1	249830
1000.768	n/a	NonTarget	1	250192
1002.216	n/a	NonTarget	1	250554
1003.664	n/a	Target	2	250916
1005.112	n/a	NonTarget	1	251278
1006.56	n/a	NonTarget	1	251640
1008.008	n/a	NonTarget	1	252002
1009.456	n/a	Target	2	252364
1010.904	n/a	NonTarget	1	252726
1012.352	n/a	NonTarget	1	253088
1013.8	n/a	NonTarget	1	253450
1015.248	n/a	NonTarget	1	253812
1016.696	n/a	NonTarget	1	254174
1018.144	n/a	NonTarget	1	254536
1019.592	n/a	NonTarget	1	254898
1021.04	n/a	NonTarget	1	255260
1022.488	n/a	NonTarget	1	255622
1023.936	n/a	Target	2	255984
1025.384	n/a	NonTarget	1	256346
1026.832	n/a	NonTarget	1	256708
1028.28	n/a	NonTarget	1	257070
1029.728	n/a	NonTarget	1	257432
1031.176	n/a	NonTarget	1	257794
1032.624	n/a	Target	2	258156
1034.072	n/a	NonTarget	1	258518
1035.52	n/a	NonTarget	1	258880
1036.968	n/a	NonTarget	1	259242
1038.416	n/a	NonTarget	1	259604
1039.864	n/a	NonTarget	1	259966
1041.312	n/a	NonTarget	1	260328
1042.76	n/a	NonTarget	1	260690
1044.208	n/a	NonTarget	1	261052
1045.656	n/a	NonTarget	1	261414
1047.104	n/a	NonTarget	1	261776
1048.552	n/a	Target	2	262138
1050.0	n/a	NonTarget	1	262500
1051.448	n/a	NonTarget	1	262862
1052.896	n/a	NonTarget	1	263224
1054.344	n/a	NonTarget	1	263586
1055.792	n/a	NonTarget	1	263948
1057.24	n/a	NonTarget	1	264310
1058.688	n/a	NonTarget	1	264672
1060.136	n/a	NonTarget	1	265034
1061.584	n/a	NonTarget	1	265396
1063.032	n/a	Target	2	265758
1064.48	n/a	NonTarget	1	266120
1065.928	n/a	Target	2	266482
1067.376	n/a	NonTarget	1	266844
1068.824	n/a	NonTarget	1	267206
1070.272	n/a	NonTarget	1	267568
1071.72	n/a	NonTarget	1	267930
1073.168	n/a	NonTarget	1	268292
1074.616	n/a	NonTarget	1	268654
1076.064	n/a	NonTarget	1	269016
1077.512	n/a	NonTarget	1	269378
1078.96	n/a	NonTarget	1	269740
1080.408	n/a	NonTarget	1	270102
1081.856	n/a	NonTarget	1	270464
1083.304	n/a	NonTarget	1	270826
1084.752	n/a	NonTarget	1	271188
1086.2	n/a	NonTarget	1	271550
1087.648	n/a	Target	2	271912
1089.096	n/a	NonTarget	1	272274
1090.544	n/a	NonTarget	1	272636
1091.992	n/a	Target	2	272998
1093.44	n/a	NonTarget	1	273360
1094.888	n/a	NonTarget	1	273722
1096.336	n/a	NonTarget	1	274084
1097.784	n/a	NonTarget	1	274446
1099.232	n/a	NonTarget	1	274808
1100.68	n/a	NonTarget	1	275170
1102.128	n/a	NonTarget	1	275532
1103.576	n/a	NonTarget	1	275894
1105.024	n/a	NonTarget	1	276256
1106.472	n/a	NonTarget	1	276618
1107.92	n/a	NonTarget	1	276980
1109.368	n/a	NonTarget	1	277342
1110.816	n/a	Target	2	277704
1112.264	n/a	NonTarget	1	278066
1113.712	n/a	NonTarget	1	278428
1115.16	n/a	NonTarget	1	278790
1116.608	n/a	NonTarget	1	279152
1118.056	n/a	Target	2	279514
1119.504	n/a	NonTarget	1	279876
1120.952	n/a	NonTarget	1	280238
1122.4	n/a	NonTarget	1	280600
1123.848	n/a	NonTarget	1	280962
1125.296	n/a	NonTarget	1	281324
1126.744	n/a	NonTarget	1	281686
1128.192	n/a	Target	2	282048
1129.64	n/a	NonTarget	1	282410
1131.088	n/a	NonTarget	1	282772
1132.536	n/a	NonTarget	1	283134
1133.984	n/a	NonTarget	1	283496
1135.432	n/a	NonTarget	1	283858
1136.88	n/a	NonTarget	1	284220
1138.328	n/a	NonTarget	1	284582
1139.776	n/a	Target	2	284944
1141.224	n/a	NonTarget	1	285306
1142.672	n/a	NonTarget	1	285668
1144.12	n/a	NonTarget	1	286030
1145.568	n/a	NonTarget	1	286392
1147.016	n/a	NonTarget	1	286754
1148.464	n/a	NonTarget	1	287116
1149.912	n/a	NonTarget	1	287478
1151.36	n/a	NonTarget	1	287840
1152.808	n/a	NonTarget	1	288202
1154.256	n/a	NonTarget	1	288564
1155.704	n/a	NonTarget	1	288926
1157.152	n/a	Target	2	289288
1158.6	n/a	Target	2	289650
1160.048	n/a	NonTarget	1	290012
1161.496	n/a	NonTarget	1	290374
1162.944	n/a	NonTarget	1	290736
1164.392	n/a	NonTarget	1	291098
1165.84	n/a	NonTarget	1	291460
1167.288	n/a	NonTarget	1	291822
1168.736	n/a	NonTarget	1	292184
1170.184	n/a	Target	2	292546
1171.632	n/a	NonTarget	1	292908
1173.08	n/a	NonTarget	1	293270
1174.528	n/a	NonTarget	1	293632
1175.976	n/a	NonTarget	1	293994
1177.424	n/a	NonTarget	1	294356
1178.872	n/a	NonTarget	1	294718
1180.32	n/a	NonTarget	1	295080
1181.768	n/a	NonTarget	1	295442
1183.216	n/a	NonTarget	1	295804
1184.664	n/a	NonTarget	1	296166
1186.112	n/a	Target	2	296528
1187.56	n/a	NonTarget	1	296890
1189.008	n/a	NonTarget	1	297252
1190.456	n/a	NonTarget	1	297614
1191.904	n/a	NonTarget	1	297976
1193.352	n/a	NonTarget	1	298338
1194.8	n/a	NonTarget	1	298700
1196.248	n/a	Target	2	299062
1197.696	n/a	NonTarget	1	299424
1199.144	n/a	NonTarget	1	299786
1200.592	n/a	NonTarget	1	300148
1202.04	n/a	NonTarget	1	300510
1203.488	n/a	NonTarget	1	300872
1204.936	n/a	NonTarget	1	301234
1206.384	n/a	NonTarget	1	301596
1207.832	n/a	NonTarget	1	301958
1209.28	n/a	NonTarget	1	302320
1210.728	n/a	NonTarget	1	302682
1212.176	n/a	NonTarget	1	303044
1213.624	n/a	NonTarget	1	303406
1215.072	n/a	Target	2	303768
1216.52	n/a	NonTarget	1	304130
1217.968	n/a	NonTarget	1	304492
1219.416	n/a	NonTarget	1	304854
1220.864	n/a	NonTarget	1	305216
1222.312	n/a	NonTarget	1	305578
1223.76	n/a	Target	2	305940
1225.208	n/a	NonTarget	1	306302
1226.656	n/a	NonTarget	1	306664
1228.104	n/a	NonTarget	1	307026
1229.552	n/a	NonTarget	1	307388
1231.0	n/a	NonTarget	1	307750
1232.448	n/a	NonTarget	1	308112
1233.896	n/a	NonTarget	1	308474
1235.344	n/a	NonTarget	1	308836
1236.792	n/a	NonTarget	1	309198
1238.24	n/a	Target	2	309560
1239.688	n/a	NonTarget	1	309922
1241.136	n/a	NonTarget	1	310284
1242.584	n/a	NonTarget	1	310646
1244.032	n/a	Target	2	311008
1245.48	n/a	NonTarget	1	311370
1246.928	n/a	NonTarget	1	311732
1248.376	n/a	NonTarget	1	312094
1249.824	n/a	NonTarget	1	312456
1251.272	n/a	NonTarget	1	312818
1252.72	n/a	Target	2	313180
1254.168	n/a	NonTarget	1	313542
1255.616	n/a	NonTarget	1	313904
1257.064	n/a	NonTarget	1	314266
1258.512	n/a	NonTarget	1	314628
1259.96	n/a	NonTarget	1	314990
1261.408	n/a	NonTarget	1	315352
1262.856	n/a	NonTarget	1	315714
1264.304	n/a	NonTarget	1	316076
1265.752	n/a	NonTarget	1	316438
1267.2	n/a	Target	2	316800
1268.648	n/a	NonTarget	1	317162
1270.096	n/a	NonTarget	1	317524
1271.544	n/a	NonTarget	1	317886
1272.992	n/a	NonTarget	1	318248
1274.44	n/a	NonTarget	1	318610
1275.888	n/a	NonTarget	1	318972
1277.336	n/a	NonTarget	1	319334
1278.784	n/a	NonTarget	1	319696
1280.232	n/a	NonTarget	1	320058
1281.68	n/a	Target	2	320420
1283.128	n/a	NonTarget	1	320782
1284.576	n/a	NonTarget	1	321144
1286.024	n/a	Target	2	321506
1287.472	n/a	NonTarget	1	321868
1288.92	n/a	NonTarget	1	322230
1290.368	n/a	NonTarget	1	322592
1291.816	n/a	NonTarget	1	322954
1293.264	n/a	NonTarget	1	323316
1294.712	n/a	NonTarget	1	323678
1296.16	n/a	NonTarget	1	324040
1297.608	n/a	NonTarget	1	324402
1299.056	n/a	NonTarget	1	324764
1300.504	n/a	Target	2	325126
1301.952	n/a	NonTarget	1	325488
1303.4	n/a	NonTarget	1	325850
1304.848	n/a	NonTarget	1	326212
1306.296	n/a	NonTarget	1	326574
1307.744	n/a	NonTarget	1	326936
1309.192	n/a	NonTarget	1	327298
1310.64	n/a	NonTarget	1	327660
1312.088	n/a	NonTarget	1	328022
1313.536	n/a	NonTarget	1	328384
1314.984	n/a	NonTarget	1	328746
1316.432	n/a	NonTarget	1	329108
1317.88	n/a	Target	2	329470
1319.328	n/a	NonTarget	1	329832
1320.776	n/a	NonTarget	1	330194
1322.224	n/a	NonTarget	1	330556
1323.672	n/a	NonTarget	1	330918
1325.12	n/a	NonTarget	1	331280
1326.568	n/a	NonTarget	1	331642
1328.016	n/a	NonTarget	1	332004
1329.464	n/a	NonTarget	1	332366
1330.912	n/a	Target	2	332728
1332.36	n/a	NonTarget	1	333090
1333.808	n/a	NonTarget	1	333452
1335.256	n/a	Target	2	333814
1336.704	n/a	NonTarget	1	334176
1338.152	n/a	NonTarget	1	334538
1339.6	n/a	NonTarget	1	334900
1341.048	n/a	NonTarget	1	335262
1342.496	n/a	NonTarget	1	335624
1343.944	n/a	NonTarget	1	335986
1345.392	n/a	NonTarget	1	336348
1346.84	n/a	NonTarget	1	336710
1348.288	n/a	NonTarget	1	337072
1349.736	n/a	NonTarget	1	337434
1351.184	n/a	NonTarget	1	337796
1352.632	n/a	Target	2	338158
1354.08	n/a	NonTarget	1	338520
1355.528	n/a	NonTarget	1	338882
1356.976	n/a	NonTarget	1	339244
1358.424	n/a	NonTarget	1	339606
1359.872	n/a	NonTarget	1	339968
1361.32	n/a	NonTarget	1	340330
1362.768	n/a	NonTarget	1	340692
1364.216	n/a	Target	2	341054
1365.664	n/a	NonTarget	1	341416
1367.112	n/a	NonTarget	1	341778
1368.56	n/a	NonTarget	1	342140
1370.008	n/a	NonTarget	1	342502
1371.456	n/a	NonTarget	1	342864
1372.904	n/a	NonTarget	1	343226
1374.352	n/a	NonTarget	1	343588
1375.8	n/a	NonTarget	1	343950
1377.248	n/a	Target	2	344312
1378.696	n/a	NonTarget	1	344674
1380.144	n/a	NonTarget	1	345036
1381.592	n/a	NonTarget	1	345398
1383.04	n/a	NonTarget	1	345760
1384.488	n/a	NonTarget	1	346122
1385.936	n/a	NonTarget	1	346484
1387.384	n/a	Target	2	346846
1388.832	n/a	NonTarget	1	347208
1390.28	n/a	NonTarget	1	347570
1391.728	n/a	NonTarget	1	347932
1393.176	n/a	NonTarget	1	348294
1394.624	n/a	NonTarget	1	348656
1396.072	n/a	NonTarget	1	349018
1397.52	n/a	NonTarget	1	349380
1398.968	n/a	NonTarget	1	349742
1400.416	n/a	Target	2	350104
1401.864	n/a	NonTarget	1	350466
1403.312	n/a	NonTarget	1	350828
1404.76	n/a	Target	2	351190
1406.208	n/a	NonTarget	1	351552
1407.656	n/a	NonTarget	1	351914
1409.104	n/a	NonTarget	1	352276
1410.552	n/a	NonTarget	1	352638
1412.0	n/a	NonTarget	1	353000
1413.448	n/a	NonTarget	1	353362
1414.896	n/a	NonTarget	1	353724
1416.344	n/a	Target	2	354086
1417.792	n/a	NonTarget	1	354448
1419.24	n/a	NonTarget	1	354810
1420.688	n/a	NonTarget	1	355172
1422.136	n/a	NonTarget	1	355534
1423.584	n/a	NonTarget	1	355896
1425.032	n/a	NonTarget	1	356258
1426.48	n/a	NonTarget	1	356620
1427.928	n/a	NonTarget	1	356982
1429.376	n/a	Target	2	357344
1430.824	n/a	NonTarget	1	357706
1432.272	n/a	NonTarget	1	358068
1433.72	n/a	NonTarget	1	358430
1435.168	n/a	NonTarget	1	358792
1436.616	n/a	Target	2	359154
1438.064	n/a	NonTarget	1	359516
1439.512	n/a	NonTarget	1	359878
1440.96	n/a	NonTarget	1	360240
1442.408	n/a	NonTarget	1	360602
1443.856	n/a	NonTarget	1	360964
1445.304	n/a	NonTarget	1	361326
1446.752	n/a	NonTarget	1	361688
1448.2	n/a	NonTarget	1	362050
1449.648	n/a	NonTarget	1	362412
1451.096	n/a	NonTarget	1	362774
1452.544	n/a	NonTarget	1	363136
1453.992	n/a	NonTarget	1	363498
1455.44	n/a	NonTarget	1	363860
1456.888	n/a	Target	2	364222
1458.336	n/a	NonTarget	1	364584
1459.784	n/a	NonTarget	1	364946
1461.232	n/a	NonTarget	1	365308
1462.68	n/a	NonTarget	1	365670
1464.128	n/a	Target	2	366032
1465.576	n/a	NonTarget	1	366394
1467.024	n/a	NonTarget	1	366756
1468.472	n/a	NonTarget	1	367118
1469.92	n/a	NonTarget	1	367480
1471.368	n/a	NonTarget	1	367842
1472.816	n/a	NonTarget	1	368204
1474.264	n/a	NonTarget	1	368566
1475.712	n/a	NonTarget	1	368928
1477.16	n/a	Target	2	369290
1478.608	n/a	NonTarget	1	369652
1480.056	n/a	NonTarget	1	370014
1481.504	n/a	NonTarget	1	370376
1482.952	n/a	NonTarget	1	370738
1484.4	n/a	Target	2	371100
1485.848	n/a	NonTarget	1	371462
1487.296	n/a	NonTarget	1	371824
1488.744	n/a	NonTarget	1	372186
1490.192	n/a	NonTarget	1	372548
1491.64	n/a	NonTarget	1	372910
1493.088	n/a	NonTarget	1	373272
1494.536	n/a	NonTarget	1	373634
1495.984	n/a	NonTarget	1	373996
1497.432	n/a	NonTarget	1	374358
1498.88	n/a	NonTarget	1	374720
1500.328	n/a	NonTarget	1	375082
1501.776	n/a	NonTarget	1	375444
1503.224	n/a	Target	2	375806
1504.672	n/a	NonTarget	1	376168
1506.12	n/a	NonTarget	1	376530
1507.568	n/a	NonTarget	1	376892
1509.016	n/a	Target	2	377254
1510.464	n/a	NonTarget	1	377616
1511.912	n/a	NonTarget	1	377978
1513.36	n/a	NonTarget	1	378340
1514.808	n/a	NonTarget	1	378702
1516.256	n/a	NonTarget	1	379064
1517.704	n/a	NonTarget	1	379426
1519.152	n/a	NonTarget	1	379788
1520.6	n/a	NonTarget	1	380150
1522.048	n/a	Target	2	380512
1523.496	n/a	NonTarget	1	380874
1524.944	n/a	NonTarget	1	381236
1526.392	n/a	NonTarget	1	381598
1527.84	n/a	NonTarget	1	381960
1529.288	n/a	Target	2	382322
1530.736	n/a	NonTarget	1	382684
1532.184	n/a	NonTarget	1	383046
1533.632	n/a	NonTarget	1	383408
1535.08	n/a	NonTarget	1	383770
1536.528	n/a	NonTarget	1	384132
1537.976	n/a	NonTarget	1	384494
1539.424	n/a	NonTarget	1	384856
1540.872	n/a	NonTarget	1	385218
1542.32	n/a	NonTarget	1	385580
1543.768	n/a	NonTarget	1	385942
1545.216	n/a	Target	2	386304
1546.664	n/a	NonTarget	1	386666
1548.112	n/a	NonTarget	1	387028
1549.56	n/a	NonTarget	1	387390
1551.008	n/a	NonTarget	1	387752
1552.456	n/a	NonTarget	1	388114
1553.904	n/a	NonTarget	1	388476
1555.352	n/a	NonTarget	1	388838
1556.8	n/a	NonTarget	1	389200
1558.248	n/a	NonTarget	1	389562
1559.696	n/a	NonTarget	1	389924
1561.144	n/a	NonTarget	1	390286
1562.592	n/a	Target	2	390648
1564.04	n/a	NonTarget	1	391010
1565.488	n/a	NonTarget	1	391372
1566.936	n/a	NonTarget	1	391734
1568.384	n/a	NonTarget	1	392096
1569.832	n/a	Target	2	392458
1571.28	n/a	NonTarget	1	392820
1572.728	n/a	NonTarget	1	393182
1574.176	n/a	NonTarget	1	393544
1575.624	n/a	NonTarget	1	393906
1577.072	n/a	NonTarget	1	394268
1578.52	n/a	NonTarget	1	394630
1579.968	n/a	NonTarget	1	394992
1581.416	n/a	Target	2	395354
1582.864	n/a	NonTarget	1	395716
1584.312	n/a	NonTarget	1	396078
1585.76	n/a	NonTarget	1	396440
1587.208	n/a	NonTarget	1	396802
1588.656	n/a	NonTarget	1	397164
1590.104	n/a	Target	2	397526
1591.552	n/a	NonTarget	1	397888
1593.0	n/a	NonTarget	1	398250
1594.448	n/a	NonTarget	1	398612
1595.896	n/a	NonTarget	1	398974
1597.344	n/a	NonTarget	1	399336
1598.792	n/a	Target	2	399698
1600.24	n/a	NonTarget	1	400060
1601.688	n/a	NonTarget	1	400422
1603.136	n/a	NonTarget	1	400784
1604.584	n/a	NonTarget	1	401146
1606.032	n/a	NonTarget	1	401508
1607.48	n/a	NonTarget	1	401870
1608.928	n/a	NonTarget	1	402232
1610.376	n/a	NonTarget	1	402594
1611.824	n/a	NonTarget	1	402956
1613.272	n/a	NonTarget	1	403318
1614.72	n/a	NonTarget	1	403680
1616.168	n/a	Target	2	404042
1617.616	n/a	NonTarget	1	404404
1619.064	n/a	NonTarget	1	404766
1620.512	n/a	NonTarget	1	405128
1621.96	n/a	Target	2	405490
1623.408	n/a	NonTarget	1	405852
1624.856	n/a	NonTarget	1	406214
1626.304	n/a	NonTarget	1	406576
1627.752	n/a	NonTarget	1	406938
1629.2	n/a	NonTarget	1	407300
1630.648	n/a	NonTarget	1	407662
1632.096	n/a	NonTarget	1	408024
1633.544	n/a	NonTarget	1	408386
1634.992	n/a	NonTarget	1	408748
1636.44	n/a	NonTarget	1	409110
1637.888	n/a	NonTarget	1	409472
1639.336	n/a	NonTarget	1	409834
1640.784	n/a	Target	2	410196
1642.232	n/a	NonTarget	1	410558
1643.68	n/a	NonTarget	1	410920
1645.128	n/a	NonTarget	1	411282
1646.576	n/a	NonTarget	1	411644
1648.024	n/a	NonTarget	1	412006
1649.472	n/a	NonTarget	1	412368
1650.92	n/a	NonTarget	1	412730
1652.368	n/a	Target	2	413092
1653.816	n/a	NonTarget	1	413454
1655.264	n/a	NonTarget	1	413816
1656.712	n/a	NonTarget	1	414178
1658.16	n/a	NonTarget	1	414540
1659.608	n/a	NonTarget	1	414902
1661.056	n/a	Target	2	415264
1662.504	n/a	NonTarget	1	415626
1663.952	n/a	NonTarget	1	415988
1665.4	n/a	NonTarget	1	416350
1666.848	n/a	NonTarget	1	416712
1668.296	n/a	NonTarget	1	417074
1669.744	n/a	NonTarget	1	417436
1671.192	n/a	Target	2	417798
1672.64	n/a	NonTarget	1	418160
1674.088	n/a	NonTarget	1	418522
1675.536	n/a	NonTarget	1	418884
1676.984	n/a	NonTarget	1	419246
1678.432	n/a	NonTarget	1	419608
1679.88	n/a	NonTarget	1	419970
1681.328	n/a	NonTarget	1	420332
1682.776	n/a	NonTarget	1	420694
1684.224	n/a	NonTarget	1	421056
1685.672	n/a	NonTarget	1	421418
1687.12	n/a	NonTarget	1	421780
1688.568	n/a	Target	2	422142
1690.016	n/a	NonTarget	1	422504
1691.464	n/a	NonTarget	1	422866
1692.912	n/a	NonTarget	1	423228
1694.36	n/a	NonTarget	1	423590
1695.808	n/a	NonTarget	1	423952
1697.256	n/a	NonTarget	1	424314
1698.704	n/a	NonTarget	1	424676
1700.152	n/a	NonTarget	1	425038
1701.6	n/a	Target	2	425400
1703.048	n/a	NonTarget	1	425762
1704.496	n/a	NonTarget	1	426124
1705.944	n/a	NonTarget	1	426486
1707.392	n/a	NonTarget	1	426848
1708.84	n/a	NonTarget	1	427210
1710.288	n/a	NonTarget	1	427572
1711.736	n/a	Target	2	427934
1713.184	n/a	NonTarget	1	428296
1714.632	n/a	NonTarget	1	428658
1716.08	n/a	NonTarget	1	429020
1717.528	n/a	Target	2	429382
1718.976	n/a	NonTarget	1	429744
1720.424	n/a	NonTarget	1	430106
1721.872	n/a	NonTarget	1	430468
1723.32	n/a	NonTarget	1	430830
1724.768	n/a	NonTarget	1	431192
1726.216	n/a	NonTarget	1	431554
1727.664	n/a	NonTarget	1	431916
1729.112	n/a	NonTarget	1	432278
1730.56	n/a	NonTarget	1	432640
1732.008	n/a	NonTarget	1	433002
1733.456	n/a	NonTarget	1	433364
1734.904	n/a	Target	2	433726
1736.352	n/a	NonTarget	1	434088
1737.8	n/a	NonTarget	1	434450
1739.248	n/a	NonTarget	1	434812
1740.696	n/a	NonTarget	1	435174
1742.144	n/a	Target	2	435536
1743.592	n/a	NonTarget	1	435898
1745.04	n/a	NonTarget	1	436260
1746.488	n/a	NonTarget	1	436622
1747.936	n/a	NonTarget	1	436984
1749.384	n/a	NonTarget	1	437346
1750.832	n/a	NonTarget	1	437708
1752.28	n/a	NonTarget	1	438070
1753.728	n/a	NonTarget	1	438432
1755.176	n/a	NonTarget	1	438794
1756.624	n/a	NonTarget	1	439156
1758.072	n/a	NonTarget	1	439518
1759.52	n/a	Target	2	439880
1760.968	n/a	NonTarget	1	440242
1762.416	n/a	NonTarget	1	440604
1763.864	n/a	NonTarget	1	440966
1765.312	n/a	Target	2	441328
1766.76	n/a	NonTarget	1	441690
1768.208	n/a	NonTarget	1	442052
1769.656	n/a	NonTarget	1	442414
1771.104	n/a	NonTarget	1	442776
1772.552	n/a	NonTarget	1	443138
1774.0	n/a	NonTarget	1	443500
1775.448	n/a	NonTarget	1	443862
1776.896	n/a	NonTarget	1	444224
1778.344	n/a	NonTarget	1	444586
1779.792	n/a	Target	2	444948
1781.24	n/a	NonTarget	1	445310
1782.688	n/a	NonTarget	1	445672
1784.136	n/a	NonTarget	1	446034
1785.584	n/a	NonTarget	1	446396
1787.032	n/a	Target	2	446758
1788.48	n/a	NonTarget	1	447120
1789.928	n/a	NonTarget	1	447482
1791.376	n/a	NonTarget	1	447844
1792.824	n/a	NonTarget	1	448206
1794.272	n/a	NonTarget	1	448568
1795.72	n/a	NonTarget	1	448930
1797.168	n/a	NonTarget	1	449292
1798.616	n/a	NonTarget	1	449654
1800.064	n/a	NonTarget	1	450016
1801.512	n/a	NonTarget	1	450378
1802.96	n/a	Target	2	450740
1804.408	n/a	NonTarget	1	451102
1805.856	n/a	NonTarget	1	451464
1807.304	n/a	NonTarget	1	451826
1808.752	n/a	Target	2	452188
1810.2	n/a	NonTarget	1	452550
1811.648	n/a	NonTarget	1	452912
1813.096	n/a	NonTarget	1	453274
1814.544	n/a	NonTarget	1	453636
1815.992	n/a	NonTarget	1	453998
1817.44	n/a	NonTarget	1	454360
1818.888	n/a	NonTarget	1	454722
1820.336	n/a	NonTarget	1	455084
1821.784	n/a	NonTarget	1	455446
1823.232	n/a	NonTarget	1	455808
1824.68	n/a	NonTarget	1	456170
1826.128	n/a	NonTarget	1	456532
1827.576	n/a	Target	2	456894
1829.024	n/a	NonTarget	1	457256
1830.472	n/a	NonTarget	1	457618
1831.92	n/a	NonTarget	1	457980
1833.368	n/a	Target	2	458342
1834.816	n/a	NonTarget	1	458704
1836.264	n/a	NonTarget	1	459066
1837.712	n/a	NonTarget	1	459428
1839.16	n/a	NonTarget	1	459790
1840.608	n/a	NonTarget	1	460152
1842.056	n/a	NonTarget	1	460514
1843.504	n/a	Target	2	460876
1844.952	n/a	NonTarget	1	461238
1846.4	n/a	NonTarget	1	461600
1847.848	n/a	NonTarget	1	461962
1849.296	n/a	NonTarget	1	462324
1850.744	n/a	NonTarget	1	462686
1852.192	n/a	NonTarget	1	463048
1853.64	n/a	NonTarget	1	463410
1855.088	n/a	NonTarget	1	463772
1856.536	n/a	NonTarget	1	464134
1857.984	n/a	NonTarget	1	464496
1859.432	n/a	Target	2	464858
1860.88	n/a	NonTarget	1	465220
1862.328	n/a	NonTarget	1	465582
1863.776	n/a	NonTarget	1	465944
1865.224	n/a	NonTarget	1	466306
1866.672	n/a	Target	2	466668
1868.12	n/a	NonTarget	1	467030
1869.568	n/a	NonTarget	1	467392
1871.016	n/a	NonTarget	1	467754
1872.464	n/a	NonTarget	1	468116
1873.912	n/a	NonTarget	1	468478
1875.36	n/a	NonTarget	1	468840
1876.808	n/a	NonTarget	1	469202
1878.256	n/a	NonTarget	1	469564
1879.704	n/a	NonTarget	1	469926
1881.152	n/a	Target	2	470288
1882.6	n/a	NonTarget	1	470650
1884.048	n/a	NonTarget	1	471012
1885.496	n/a	NonTarget	1	471374
1886.944	n/a	NonTarget	1	471736
1888.392	n/a	NonTarget	1	472098
1889.84	n/a	NonTarget	1	472460
1891.288	n/a	NonTarget	1	472822
1892.736	n/a	NonTarget	1	473184
1894.184	n/a	Target	2	473546
1895.632	n/a	NonTarget	1	473908
1897.08	n/a	NonTarget	1	474270
1898.528	n/a	NonTarget	1	474632
1899.976	n/a	NonTarget	1	474994
1901.424	n/a	NonTarget	1	475356
1902.872	n/a	Target	2	475718
1904.32	n/a	NonTarget	1	476080
1905.768	n/a	NonTarget	1	476442
1907.216	n/a	NonTarget	1	476804
1908.664	n/a	NonTarget	1	477166
1910.112	n/a	NonTarget	1	477528
1911.56	n/a	NonTarget	1	477890
1913.008	n/a	Target	2	478252
1914.456	n/a	NonTarget	1	478614
1915.904	n/a	NonTarget	1	478976
1917.352	n/a	NonTarget	1	479338
1918.8	n/a	NonTarget	1	479700
1920.248	n/a	NonTarget	1	480062
1921.696	n/a	NonTarget	1	480424
1923.144	n/a	NonTarget	1	480786
1924.592	n/a	NonTarget	1	481148
1926.04	n/a	NonTarget	1	481510
1927.488	n/a	NonTarget	1	481872
1928.936	n/a	NonTarget	1	482234
1930.384	n/a	NonTarget	1	482596
1931.832	n/a	Target	2	482958
1933.28	n/a	NonTarget	1	483320
1934.728	n/a	NonTarget	1	483682
1936.176	n/a	NonTarget	1	484044
1937.624	n/a	NonTarget	1	484406
1939.072	n/a	NonTarget	1	484768
1940.52	n/a	NonTarget	1	485130
1941.968	n/a	NonTarget	1	485492
1943.416	n/a	Target	2	485854
1944.864	n/a	NonTarget	1	486216
1946.312	n/a	Target	2	486578
1947.76	n/a	NonTarget	1	486940
1949.208	n/a	NonTarget	1	487302
1950.656	n/a	NonTarget	1	487664
1952.104	n/a	NonTarget	1	488026
1953.552	n/a	NonTarget	1	488388
1955.0	n/a	NonTarget	1	488750
1956.448	n/a	NonTarget	1	489112
1957.896	n/a	NonTarget	1	489474
1959.344	n/a	NonTarget	1	489836
1960.792	n/a	Target	2	490198
1962.24	n/a	NonTarget	1	490560
1963.688	n/a	NonTarget	1	490922
1965.136	n/a	NonTarget	1	491284
1966.584	n/a	NonTarget	1	491646
1968.032	n/a	NonTarget	1	492008
1969.48	n/a	NonTarget	1	492370
1970.928	n/a	NonTarget	1	492732
1972.376	n/a	NonTarget	1	493094
1973.824	n/a	NonTarget	1	493456
1975.272	n/a	Target	2	493818
1976.72	n/a	NonTarget	1	494180
1978.168	n/a	NonTarget	1	494542
1979.616	n/a	NonTarget	1	494904
1981.064	n/a	NonTarget	1	495266
1982.512	n/a	NonTarget	1	495628
1983.96	n/a	Target	2	495990
1985.408	n/a	NonTarget	1	496352
1986.856	n/a	NonTarget	1	496714
1988.304	n/a	NonTarget	1	497076
1989.752	n/a	NonTarget	1	497438
1991.2	n/a	NonTarget	1	497800
1992.648	n/a	NonTarget	1	498162
1994.096	n/a	NonTarget	1	498524
1995.544	n/a	Target	2	498886
1996.992	n/a	NonTarget	1	499248
1998.44	n/a	NonTarget	1	499610
1999.888	n/a	NonTarget	1	499972
2001.336	n/a	NonTarget	1	500334
2002.784	n/a	NonTarget	1	500696
2004.232	n/a	NonTarget	1	501058
2005.68	n/a	Target	2	501420
2007.128	n/a	NonTarget	1	501782
2008.576	n/a	NonTarget	1	502144
2010.024	n/a	NonTarget	1	502506
2011.472	n/a	NonTarget	1	502868
2012.92	n/a	NonTarget	1	503230
2014.368	n/a	NonTarget	1	503592
2015.816	n/a	NonTarget	1	503954
2017.264	n/a	NonTarget	1	504316
2018.712	n/a	NonTarget	1	504678
2020.16	n/a	NonTarget	1	505040
2021.608	n/a	Target	2	505402
2023.056	n/a	NonTarget	1	505764
2024.504	n/a	NonTarget	1	506126
2025.952	n/a	NonTarget	1	506488
2027.4	n/a	NonTarget	1	506850
2028.848	n/a	NonTarget	1	507212
2030.296	n/a	NonTarget	1	507574
2031.744	n/a	NonTarget	1	507936
2033.192	n/a	NonTarget	1	508298
2034.64	n/a	Target	2	508660
2036.088	n/a	NonTarget	1	509022
2037.536	n/a	NonTarget	1	509384
2038.984	n/a	NonTarget	1	509746
2040.432	n/a	NonTarget	1	510108
2041.88	n/a	Target	2	510470
2043.328	n/a	NonTarget	1	510832
2044.776	n/a	NonTarget	1	511194
2046.224	n/a	NonTarget	1	511556
2047.672	n/a	NonTarget	1	511918
2049.12	n/a	NonTarget	1	512280
2050.568	n/a	NonTarget	1	512642
2052.016	n/a	NonTarget	1	513004
2053.464	n/a	NonTarget	1	513366
2054.912	n/a	NonTarget	1	513728
2056.36	n/a	NonTarget	1	514090
2057.808	n/a	NonTarget	1	514452
2059.256	n/a	Target	2	514814
2060.704	n/a	NonTarget	1	515176
2062.152	n/a	NonTarget	1	515538
2063.6	n/a	NonTarget	1	515900
2065.048	n/a	NonTarget	1	516262
2066.496	n/a	Target	2	516624
2067.944	n/a	NonTarget	1	516986
2069.392	n/a	NonTarget	1	517348
2070.84	n/a	NonTarget	1	517710
2072.288	n/a	NonTarget	1	518072
2073.736	n/a	NonTarget	1	518434
2075.184	n/a	NonTarget	1	518796
2076.632	n/a	Target	2	519158
2078.08	n/a	NonTarget	1	519520
2079.528	n/a	NonTarget	1	519882
2080.976	n/a	NonTarget	1	520244
2082.424	n/a	NonTarget	1	520606
2083.872	n/a	NonTarget	1	520968
2085.32	n/a	NonTarget	1	521330
2086.768	n/a	NonTarget	1	521692
2088.216	n/a	NonTarget	1	522054
2089.664	n/a	NonTarget	1	522416
2091.112	n/a	NonTarget	1	522778
2092.56	n/a	NonTarget	1	523140
2094.008	n/a	Target	2	523502
2095.456	n/a	NonTarget	1	523864
2096.904	n/a	NonTarget	1	524226
2098.352	n/a	Target	2	524588
2099.8	n/a	NonTarget	1	524950
2101.248	n/a	NonTarget	1	525312
2102.696	n/a	NonTarget	1	525674
2104.144	n/a	NonTarget	1	526036
2105.592	n/a	NonTarget	1	526398
2107.04	n/a	NonTarget	1	526760
2108.488	n/a	NonTarget	1	527122
2109.936	n/a	NonTarget	1	527484
2111.384	n/a	NonTarget	1	527846
2112.832	n/a	NonTarget	1	528208
2114.28	n/a	NonTarget	1	528570
2115.728	n/a	NonTarget	1	528932
2117.176	n/a	Target	2	529294
2118.624	n/a	NonTarget	1	529656
2120.072	n/a	NonTarget	1	530018
2121.52	n/a	NonTarget	1	530380
2122.968	n/a	NonTarget	1	530742
2124.416	n/a	NonTarget	1	531104
2125.864	n/a	NonTarget	1	531466
2127.312	n/a	NonTarget	1	531828
2128.76	n/a	Target	2	532190
2130.208	n/a	NonTarget	1	532552
2131.656	n/a	NonTarget	1	532914
2133.104	n/a	NonTarget	1	533276
2134.552	n/a	NonTarget	1	533638
2136.0	n/a	NonTarget	1	534000
2137.448	n/a	NonTarget	1	534362
2138.896	n/a	NonTarget	1	534724
2140.344	n/a	NonTarget	1	535086
2141.792	n/a	Target	2	535448
2143.24	n/a	NonTarget	1	535810
2144.688	n/a	NonTarget	1	536172
2146.136	n/a	NonTarget	1	536534
2147.584	n/a	NonTarget	1	536896
2149.032	n/a	NonTarget	1	537258
2150.48	n/a	NonTarget	1	537620
2151.928	n/a	Target	2	537982
2153.376	n/a	NonTarget	1	538344
2154.824	n/a	NonTarget	1	538706
2156.272	n/a	NonTarget	1	539068
2157.72	n/a	NonTarget	1	539430
2159.168	n/a	NonTarget	1	539792
2160.616	n/a	NonTarget	1	540154
2162.064	n/a	Target	2	540516
2163.512	n/a	NonTarget	1	540878
2164.96	n/a	NonTarget	1	541240
2166.408	n/a	NonTarget	1	541602
2167.856	n/a	NonTarget	1	541964
2169.304	n/a	Target	2	542326
2170.752	n/a	NonTarget	1	542688
2172.2	n/a	NonTarget	1	543050
2173.648	n/a	NonTarget	1	543412
2175.096	n/a	NonTarget	1	543774
2176.544	n/a	NonTarget	1	544136
2177.992	n/a	NonTarget	1	544498
2179.44	n/a	Target	2	544860
2180.888	n/a	NonTarget	1	545222
2182.336	n/a	NonTarget	1	545584
2183.784	n/a	NonTarget	1	545946
2185.232	n/a	NonTarget	1	546308
2186.68	n/a	NonTarget	1	546670
2188.128	n/a	NonTarget	1	547032
2189.576	n/a	NonTarget	1	547394
2191.024	n/a	NonTarget	1	547756
2192.472	n/a	NonTarget	1	548118
2193.92	n/a	NonTarget	1	548480
2195.368	n/a	NonTarget	1	548842
2196.816	n/a	Target	2	549204
2198.264	n/a	NonTarget	1	549566
2199.712	n/a	NonTarget	1	549928
2201.16	n/a	NonTarget	1	550290
2202.608	n/a	NonTarget	1	550652
2204.056	n/a	NonTarget	1	551014
2205.504	n/a	NonTarget	1	551376
2206.952	n/a	Target	2	551738
2208.4	n/a	NonTarget	1	552100
2209.848	n/a	NonTarget	1	552462
2211.296	n/a	NonTarget	1	552824
2212.744	n/a	NonTarget	1	553186
2214.192	n/a	NonTarget	1	553548
2215.64	n/a	NonTarget	1	553910
2217.088	n/a	NonTarget	1	554272
2218.536	n/a	NonTarget	1	554634
2219.984	n/a	NonTarget	1	554996
2221.432	n/a	NonTarget	1	555358
2222.88	n/a	Target	2	555720
2224.328	n/a	NonTarget	1	556082
2225.776	n/a	NonTarget	1	556444
2227.224	n/a	NonTarget	1	556806
2228.672	n/a	Target	2	557168
2230.12	n/a	NonTarget	1	557530
2231.568	n/a	NonTarget	1	557892
2233.016	n/a	NonTarget	1	558254
2234.464	n/a	NonTarget	1	558616
2235.912	n/a	NonTarget	1	558978
2237.36	n/a	NonTarget	1	559340
2238.808	n/a	NonTarget	1	559702
2240.256	n/a	Target	2	560064
2241.704	n/a	NonTarget	1	560426
2243.152	n/a	NonTarget	1	560788
2244.6	n/a	NonTarget	1	561150
2246.048	n/a	NonTarget	1	561512
2247.496	n/a	NonTarget	1	561874
2248.944	n/a	NonTarget	1	562236
2250.392	n/a	NonTarget	1	562598
2251.84	n/a	NonTarget	1	562960
2253.288	n/a	NonTarget	1	563322
2254.736	n/a	NonTarget	1	563684
2256.184	n/a	NonTarget	1	564046
2257.632	n/a	Target	2	564408
2259.08	n/a	NonTarget	1	564770
2260.528	n/a	NonTarget	1	565132
2261.976	n/a	NonTarget	1	565494
2263.424	n/a	Target	2	565856
2264.872	n/a	NonTarget	1	566218
2266.32	n/a	NonTarget	1	566580
2267.768	n/a	NonTarget	1	566942
2269.216	n/a	NonTarget	1	567304
2270.664	n/a	NonTarget	1	567666
2272.112	n/a	Target	2	568028
2273.56	n/a	NonTarget	1	568390
2275.008	n/a	NonTarget	1	568752
2276.456	n/a	NonTarget	1	569114
2277.904	n/a	NonTarget	1	569476
2279.352	n/a	NonTarget	1	569838
2280.8	n/a	NonTarget	1	570200
2282.248	n/a	NonTarget	1	570562
2283.696	n/a	NonTarget	1	570924
2285.144	n/a	NonTarget	1	571286
2286.592	n/a	NonTarget	1	571648
2288.04	n/a	NonTarget	1	572010
2289.488	n/a	NonTarget	1	572372
2290.936	n/a	Target	2	572734
2292.384	n/a	NonTarget	1	573096
2293.832	n/a	NonTarget	1	573458
2295.28	n/a	NonTarget	1	573820
2296.728	n/a	NonTarget	1	574182
2298.176	n/a	NonTarget	1	574544
2299.624	n/a	NonTarget	1	574906
2301.072	n/a	NonTarget	1	575268
2302.52	n/a	Target	2	575630
2303.968	n/a	NonTarget	1	575992
2305.416	n/a	NonTarget	1	576354
2306.864	n/a	NonTarget	1	576716
2308.312	n/a	NonTarget	1	577078
2309.76	n/a	NonTarget	1	577440
2311.208	n/a	NonTarget	1	577802
2312.656	n/a	Target	2	578164
2314.104	n/a	NonTarget	1	578526
2315.552	n/a	NonTarget	1	578888
