onset	duration	trial_type	value	sample
0.2	n/a	NonTarget	1	50
1.648	n/a	NonTarget	1	412
3.096	n/a	NonTarget	1	774
4.544	n/a	NonTarget	1	1136
5.992	n/a	NonTarget	1	1498
7.44	n/a	NonTarget	1	1860
8.888	n/a	Target	2	2222
10.336	n/a	NonTarget	1	2584
11.784	n/a	NonTarget	1	2946
13.232	n/a	NonTarget	1	3308
14.68	n/a	NonTarget	1	3670
16.128	n/a	NonTarget	1	4032
17.576	n/a	NonTarget	1	4394
19.024	n/a	NonTarget	1	4756
20.472	n/a	NonTarget	1	5118
21.92	n/a	Target	2	5480
23.368	n/a	NonTarget	1	5842
24.816	n/a	NonTarget	1	6204
26.264	n/a	NonTarget	1	6566
27.712	n/a	NonTarget	1	6928
29.16	n/a	NonTarget	1	7290
30.608	n/a	NonTarget	1	7652
32.056	n/a	Target	2	8014
33.504	n/a	NonTarget	1	8376
34.952	n/a	NonTarget	1	8738
36.4	n/a	NonTarget	1	9100
37.848	n/a	Target	2	9462
39.296	n/a	NonTarget	1	9824
40.744	n/a	NonTarget	1	10186
42.192	n/a	NonTarget	1	10548
43.64	n/a	NonTarget	1	10910
45.088	n/a	NonTarget	1	11272
46.536	n/a	NonTarget	1	11634
47.984	n/a	NonTarget	1	11996
49.432	n/a	NonTarget	1	12358
50.88	n/a	NonTarget	1	12720
52.328	n/a	NonTarget	1	13082
53.776	n/a	Target	2	13444
55.224	n/a	NonTarget	1	13806
56.672	n/a	NonTarget	1	14168
58.12	n/a	NonTarget	1	14530
59.568	n/a	NonTarget	1	14892
61.016	n/a	NonTarget	1	15254
62.464	n/a	NonTarget	1	15616
63.912	n/a	NonTarget	1	15978
65.36	n/a	NonTarget	1	16340
66.808	n/a	NonTarget	1	16702
68.256	n/a	Target	2	17064
69.704	n/a	NonTarget	1	17426
71.152	n/a	NonTarget	1	17788
72.6	n/a	Target	2	18150
74.048	n/a	NonTarget	1	18512
75.496	n/a	NonTarget	1	18874
76.944	n/a	NonTarget	1	19236
78.392	n/a	NonTarget	1	19598
79.84	n/a	NonTarget	1	19960
81.288	n/a	NonTarget	1	20322
82.736	n/a	NonTarget	1	20684
84.184	n/a	NonTarget	1	21046
85.632	n/a	Target	2	21408
87.08	n/a	NonTarget	1	21770
88.528	n/a	NonTarget	1	22132
89.976	n/a	NonTarget	1	22494
91.424	n/a	NonTarget	1	22856
92.872	n/a	NonTarget	1	23218
94.32	n/a	NonTarget	1	23580
95.768	n/a	NonTarget	1	23942
97.216	n/a	Target	2	24304
98.664	n/a	NonTarget	1	24666
100.112	n/a	NonTarget	1	25028
101.56	n/a	NonTarget	1	25390
103.008	n/a	NonTarget	1	25752
104.456	n/a	NonTarget	1	26114
105.904	n/a	NonTarget	1	26476
107.352	n/a	NonTarget	1	26838
108.8	n/a	NonTarget	1	27200
110.248	n/a	NonTarget	1	27562
111.696	n/a	Target	2	27924
113.144	n/a	NonTarget	1	28286
114.592	n/a	NonTarget	1	28648
116.04	n/a	NonTarget	1	29010
117.488	n/a	NonTarget	1	29372
118.936	n/a	NonTarget	1	29734
120.384	n/a	NonTarget	1	30096
121.832	n/a	NonTarget	1	30458
123.28	n/a	NonTarget	1	30820
124.728	n/a	Target	2	31182
126.176	n/a	NonTarget	1	31544
127.624	n/a	NonTarget	1	31906
129.072	n/a	NonTarget	1	32268
130.52	n/a	NonTarget	1	32630
131.968	n/a	NonTarget	1	32992
133.416	n/a	NonTarget	1	33354
134.864	n/a	NonTarget	1	33716
136.312	n/a	NonTarget	1	34078
137.76	n/a	Target	2	34440
139.208	n/a	NonTarget	1	34802
140.656	n/a	NonTarget	1	35164
142.104	n/a	NonTarget	1	35526
143.552	n/a	NonTarget	1	35888
145.0	n/a	NonTarget	1	36250
146.448	n/a	Target	2	36612
147.896	n/a	NonTarget	1	36974
149.344	n/a	NonTarget	1	37336
150.792	n/a	NonTarget	1	37698
152.24	n/a	Target	2	38060
153.688	n/a	NonTarget	1	38422
155.136	n/a	NonTarget	1	38784
156.584	n/a	NonTarget	1	39146
158.032	n/a	NonTarget	1	39508
159.48	n/a	NonTarget	1	39870
160.928	n/a	NonTarget	1	40232
162.376	n/a	NonTarget	1	40594
163.824	n/a	NonTarget	1	40956
165.272	n/a	NonTarget	1	41318
166.72	n/a	NonTarget	1	41680
168.168	n/a	NonTarget	1	42042
169.616	n/a	NonTarget	1	42404
171.064	n/a	NonTarget	1	42766
172.512	n/a	Target	2	43128
173.96	n/a	NonTarget	1	43490
175.408	n/a	NonTarget	1	43852
176.856	n/a	NonTarget	1	44214
178.304	n/a	NonTarget	1	44576
179.752	n/a	Target	2	44938
181.2	n/a	NonTarget	1	45300
182.648	n/a	NonTarget	1	45662
184.096	n/a	NonTarget	1	46024
185.544	n/a	Target	2	46386
186.992	n/a	NonTarget	1	46748
188.44	n/a	NonTarget	1	47110
189.888	n/a	NonTarget	1	47472
191.336	n/a	NonTarget	1	47834
192.784	n/a	NonTarget	1	48196
194.232	n/a	NonTarget	1	48558
195.68	n/a	NonTarget	1	48920
197.128	n/a	NonTarget	1	49282
198.576	n/a	NonTarget	1	49644
200.024	n/a	NonTarget	1	50006
201.472	n/a	Target	2	50368
202.92	n/a	NonTarget	1	50730
204.368	n/a	NonTarget	1	51092
205.816	n/a	NonTarget	1	51454
207.264	n/a	NonTarget	1	51816
208.712	n/a	NonTarget	1	52178
210.16	n/a	NonTarget	1	52540
211.608	n/a	NonTarget	1	52902
213.056	n/a	NonTarget	1	53264
214.504	n/a	NonTarget	1	53626
215.952	n/a	Target	2	53988
217.4	n/a	NonTarget	1	54350
218.848	n/a	NonTarget	1	54712
220.296	n/a	NonTarget	1	55074
221.744	n/a	Target	2	55436
223.192	n/a	NonTarget	1	55798
224.64	n/a	NonTarget	1	56160
226.088	n/a	NonTarget	1	56522
227.536	n/a	NonTarget	1	56884
228.984	n/a	NonTarget	1	57246
230.432	n/a	NonTarget	1	57608
231.88	n/a	NonTarget	1	57970
233.328	n/a	NonTarget	1	58332
234.776	n/a	Target	2	58694
236.224	n/a	NonTarget	1	59056
237.672	n/a	NonTarget	1	59418
239.12	n/a	NonTarget	1	59780
240.568	n/a	NonTarget	1	60142
242.016	n/a	NonTarget	1	60504
243.464	n/a	NonTarget	1	60866
244.912	n/a	NonTarget	1	61228
246.36	n/a	NonTarget	1	61590
247.808	n/a	Target	2	61952
249.256	n/a	NonTarget	1	62314
250.704	n/a	NonTarget	1	62676
252.152	n/a	NonTarget	1	63038
253.6	n/a	NonTarget	1	63400
255.048	n/a	NonTarget	1	63762
256.496	n/a	NonTarget	1	64124
257.944	n/a	NonTarget	1	64486
259.392	n/a	NonTarget	1	64848
260.84	n/a	NonTarget	1	65210
262.288	n/a	NonTarget	1	65572
263.736	n/a	Target	2	65934
265.184	n/a	NonTarget	1	66296
266.632	n/a	NonTarget	1	66658
268.08	n/a	NonTarget	1	67020
269.528	n/a	NonTarget	1	67382
270.976	n/a	Target	2	67744
272.424	n/a	NonTarget	1	68106
273.872	n/a	NonTarget	1	68468
275.32	n/a	NonTarget	1	68830
276.768	n/a	NonTarget	1	69192
278.216	n/a	NonTarget	1	69554
279.664	n/a	NonTarget	1	69916
281.112	n/a	NonTarget	1	70278
282.56	n/a	NonTarget	1	70640
284.008	n/a	NonTarget	1	71002
285.456	n/a	Target	2	71364
286.904	n/a	NonTarget	1	71726
288.352	n/a	NonTarget	1	72088
289.8	n/a	NonTarget	1	72450
291.248	n/a	NonTarget	1	72812
292.696	n/a	NonTarget	1	73174
294.144	n/a	NonTarget	1	73536
295.592	n/a	NonTarget	1	73898
297.04	n/a	NonTarget	1	74260
298.488	n/a	NonTarget	1	74622
299.936	n/a	Target	2	74984
301.384	n/a	NonTarget	1	75346
302.832	n/a	NonTarget	1	75708
304.28	n/a	NonTarget	1	76070
305.728	n/a	NonTarget	1	76432
307.176	n/a	NonTarget	1	76794
308.624	n/a	Target	2	77156
310.072	n/a	NonTarget	1	77518
311.52	n/a	NonTarget	1	77880
312.968	n/a	NonTarget	1	78242
314.416	n/a	NonTarget	1	78604
315.864	n/a	NonTarget	1	78966
317.312	n/a	NonTarget	1	79328
318.76	n/a	Target	2	79690
320.208	n/a	NonTarget	1	80052
321.656	n/a	NonTarget	1	80414
323.104	n/a	NonTarget	1	80776
324.552	n/a	Target	2	81138
326.0	n/a	NonTarget	1	81500
327.448	n/a	NonTarget	1	81862
328.896	n/a	NonTarget	1	82224
330.344	n/a	NonTarget	1	82586
331.792	n/a	NonTarget	1	82948
333.24	n/a	NonTarget	1	83310
334.688	n/a	NonTarget	1	83672
336.136	n/a	Target	2	84034
337.584	n/a	NonTarget	1	84396
339.032	n/a	NonTarget	1	84758
340.48	n/a	NonTarget	1	85120
341.928	n/a	NonTarget	1	85482
343.376	n/a	NonTarget	1	85844
344.824	n/a	NonTarget	1	86206
346.272	n/a	NonTarget	1	86568
347.72	n/a	NonTarget	1	86930
349.168	n/a	NonTarget	1	87292
350.616	n/a	NonTarget	1	87654
352.064	n/a	NonTarget	1	88016
353.512	n/a	NonTarget	1	88378
354.96	n/a	Target	2	88740
356.408	n/a	NonTarget	1	89102
357.856	n/a	NonTarget	1	89464
359.304	n/a	NonTarget	1	89826
360.752	n/a	NonTarget	1	90188
362.2	n/a	NonTarget	1	90550
363.648	n/a	NonTarget	1	90912
365.096	n/a	Target	2	91274
366.544	n/a	NonTarget	1	91636
367.992	n/a	NonTarget	1	91998
369.44	n/a	NonTarget	1	92360
370.888	n/a	NonTarget	1	92722
372.336	n/a	NonTarget	1	93084
373.784	n/a	NonTarget	1	93446
375.232	n/a	NonTarget	1	93808
376.68	n/a	NonTarget	1	94170
378.128	n/a	NonTarget	1	94532
379.576	n/a	Target	2	94894
381.024	n/a	NonTarget	1	95256
382.472	n/a	Target	2	95618
383.92	n/a	NonTarget	1	95980
385.368	n/a	NonTarget	1	96342
386.816	n/a	NonTarget	1	96704
388.264	n/a	NonTarget	1	97066
389.712	n/a	NonTarget	1	97428
391.16	n/a	NonTarget	1	97790
392.608	n/a	NonTarget	1	98152
394.056	n/a	NonTarget	1	98514
395.504	n/a	Target	2	98876
396.952	n/a	NonTarget	1	99238
398.4	n/a	NonTarget	1	99600
399.848	n/a	NonTarget	1	99962
401.296	n/a	NonTarget	1	100324
402.744	n/a	NonTarget	1	100686
404.192	n/a	NonTarget	1	101048
405.64	n/a	NonTarget	1	101410
407.088	n/a	NonTarget	1	101772
408.536	n/a	NonTarget	1	102134
409.984	n/a	NonTarget	1	102496
411.432	n/a	Target	2	102858
412.88	n/a	NonTarget	1	103220
414.328	n/a	NonTarget	1	103582
415.776	n/a	NonTarget	1	103944
417.224	n/a	NonTarget	1	104306
418.672	n/a	NonTarget	1	104668
420.12	n/a	Target	2	105030
421.568	n/a	NonTarget	1	105392
423.016	n/a	NonTarget	1	105754
424.464	n/a	NonTarget	1	106116
425.912	n/a	NonTarget	1	106478
427.36	n/a	NonTarget	1	106840
428.808	n/a	NonTarget	1	107202
430.256	n/a	NonTarget	1	107564
431.704	n/a	NonTarget	1	107926
433.152	n/a	NonTarget	1	108288
434.6	n/a	NonTarget	1	108650
436.048	n/a	NonTarget	1	109012
437.496	n/a	Target	2	109374
438.944	n/a	NonTarget	1	109736
440.392	n/a	Target	2	110098
441.84	n/a	NonTarget	1	110460
443.288	n/a	NonTarget	1	110822
444.736	n/a	NonTarget	1	111184
446.184	n/a	NonTarget	1	111546
447.632	n/a	NonTarget	1	111908
449.08	n/a	NonTarget	1	112270
450.528	n/a	NonTarget	1	112632
451.976	n/a	NonTarget	1	112994
453.424	n/a	NonTarget	1	113356
454.872	n/a	NonTarget	1	113718
456.32	n/a	Target	2	114080
457.768	n/a	NonTarget	1	114442
459.216	n/a	NonTarget	1	114804
460.664	n/a	NonTarget	1	115166
462.112	n/a	NonTarget	1	115528
463.56	n/a	NonTarget	1	115890
465.008	n/a	NonTarget	1	116252
466.456	n/a	NonTarget	1	116614
467.904	n/a	NonTarget	1	116976
469.352	n/a	NonTarget	1	117338
470.8	n/a	Target	2	117700
472.248	n/a	NonTarget	1	118062
473.696	n/a	NonTarget	1	118424
475.144	n/a	NonTarget	1	118786
476.592	n/a	NonTarget	1	119148
478.04	n/a	NonTarget	1	119510
479.488	n/a	NonTarget	1	119872
480.936	n/a	Target	2	120234
482.384	n/a	NonTarget	1	120596
483.832	n/a	NonTarget	1	120958
485.28	n/a	NonTarget	1	121320
486.728	n/a	NonTarget	1	121682
488.176	n/a	NonTarget	1	122044
489.624	n/a	Target	2	122406
491.072	n/a	NonTarget	1	122768
492.52	n/a	NonTarget	1	123130
493.968	n/a	NonTarget	1	123492
495.416	n/a	NonTarget	1	123854
496.864	n/a	NonTarget	1	124216
498.312	n/a	NonTarget	1	124578
499.76	n/a	NonTarget	1	124940
501.208	n/a	NonTarget	1	125302
502.656	n/a	NonTarget	1	125664
504.104	n/a	Target	2	126026
505.552	n/a	NonTarget	1	126388
507.0	n/a	NonTarget	1	126750
508.448	n/a	NonTarget	1	127112
509.896	n/a	NonTarget	1	127474
511.344	n/a	NonTarget	1	127836
512.792	n/a	NonTarget	1	128198
514.24	n/a	NonTarget	1	128560
515.688	n/a	NonTarget	1	128922
517.136	n/a	NonTarget	1	129284
518.584	n/a	Target	2	129646
520.032	n/a	NonTarget	1	130008
521.48	n/a	NonTarget	1	130370
522.928	n/a	NonTarget	1	130732
524.376	n/a	NonTarget	1	131094
525.824	n/a	NonTarget	1	131456
527.272	n/a	NonTarget	1	131818
528.72	n/a	Target	2	132180
530.168	n/a	NonTarget	1	132542
531.616	n/a	NonTarget	1	132904
533.064	n/a	NonTarget	1	133266
534.512	n/a	NonTarget	1	133628
535.96	n/a	NonTarget	1	133990
537.408	n/a	NonTarget	1	134352
538.856	n/a	NonTarget	1	134714
540.304	n/a	Target	2	135076
541.752	n/a	NonTarget	1	135438
543.2	n/a	NonTarget	1	135800
544.648	n/a	NonTarget	1	136162
546.096	n/a	NonTarget	1	136524
547.544	n/a	NonTarget	1	136886
548.992	n/a	NonTarget	1	137248
550.44	n/a	NonTarget	1	137610
551.888	n/a	NonTarget	1	137972
553.336	n/a	Target	2	138334
554.784	n/a	NonTarget	1	138696
556.232	n/a	NonTarget	1	139058
557.68	n/a	NonTarget	1	139420
559.128	n/a	NonTarget	1	139782
560.576	n/a	NonTarget	1	140144
562.024	n/a	NonTarget	1	140506
563.472	n/a	NonTarget	1	140868
564.92	n/a	Target	2	141230
566.368	n/a	NonTarget	1	141592
567.816	n/a	Target	2	141954
569.264	n/a	NonTarget	1	142316
570.712	n/a	NonTarget	1	142678
572.16	n/a	NonTarget	1	143040
573.608	n/a	NonTarget	1	143402
575.056	n/a	NonTarget	1	143764
576.504	n/a	NonTarget	1	144126
577.952	n/a	NonTarget	1	144488
579.4	n/a	NonTarget	1	144850
580.848	n/a	Target	2	145212
582.296	n/a	NonTarget	1	145574
583.744	n/a	NonTarget	1	145936
585.192	n/a	NonTarget	1	146298
586.64	n/a	NonTarget	1	146660
588.088	n/a	NonTarget	1	147022
589.536	n/a	NonTarget	1	147384
590.984	n/a	Target	2	147746
592.432	n/a	NonTarget	1	148108
593.88	n/a	NonTarget	1	148470
595.328	n/a	NonTarget	1	148832
596.776	n/a	NonTarget	1	149194
598.224	n/a	NonTarget	1	149556
599.672	n/a	NonTarget	1	149918
601.12	n/a	NonTarget	1	150280
602.568	n/a	NonTarget	1	150642
604.016	n/a	NonTarget	1	151004
605.464	n/a	NonTarget	1	151366
606.912	n/a	NonTarget	1	151728
608.36	n/a	NonTarget	1	152090
609.808	n/a	NonTarget	1	152452
611.256	n/a	Target	2	152814
612.704	n/a	NonTarget	1	153176
614.152	n/a	Target	2	153538
615.6	n/a	NonTarget	1	153900
617.048	n/a	NonTarget	1	154262
618.496	n/a	NonTarget	1	154624
619.944	n/a	NonTarget	1	154986
621.392	n/a	NonTarget	1	155348
622.84	n/a	NonTarget	1	155710
624.288	n/a	NonTarget	1	156072
625.736	n/a	NonTarget	1	156434
627.184	n/a	NonTarget	1	156796
628.632	n/a	NonTarget	1	157158
630.08	n/a	NonTarget	1	157520
631.528	n/a	NonTarget	1	157882
632.976	n/a	NonTarget	1	158244
634.424	n/a	NonTarget	1	158606
635.872	n/a	Target	2	158968
637.32	n/a	NonTarget	1	159330
638.768	n/a	NonTarget	1	159692
640.216	n/a	NonTarget	1	160054
641.664	n/a	NonTarget	1	160416
643.112	n/a	NonTarget	1	160778
644.56	n/a	Target	2	161140
646.008	n/a	NonTarget	1	161502
647.456	n/a	NonTarget	1	161864
648.904	n/a	NonTarget	1	162226
650.352	n/a	Target	2	162588
651.8	n/a	NonTarget	1	162950
653.248	n/a	NonTarget	1	163312
654.696	n/a	NonTarget	1	163674
656.144	n/a	NonTarget	1	164036
657.592	n/a	NonTarget	1	164398
659.04	n/a	NonTarget	1	164760
660.488	n/a	Target	2	165122
661.936	n/a	NonTarget	1	165484
663.384	n/a	NonTarget	1	165846
664.832	n/a	NonTarget	1	166208
666.28	n/a	NonTarget	1	166570
667.728	n/a	NonTarget	1	166932
669.176	n/a	NonTarget	1	167294
670.624	n/a	NonTarget	1	167656
672.072	n/a	NonTarget	1	168018
673.52	n/a	NonTarget	1	168380
674.968	n/a	NonTarget	1	168742
676.416	n/a	Target	2	169104
677.864	n/a	NonTarget	1	169466
679.312	n/a	NonTarget	1	169828
680.76	n/a	NonTarget	1	170190
682.208	n/a	NonTarget	1	170552
683.656	n/a	NonTarget	1	170914
685.104	n/a	Target	2	171276
686.552	n/a	NonTarget	1	171638
688.0	n/a	NonTarget	1	172000
689.448	n/a	NonTarget	1	172362
690.896	n/a	NonTarget	1	172724
692.344	n/a	NonTarget	1	173086
693.792	n/a	NonTarget	1	173448
695.24	n/a	NonTarget	1	173810
696.688	n/a	Target	2	174172
698.136	n/a	NonTarget	1	174534
699.584	n/a	NonTarget	1	174896
701.032	n/a	NonTarget	1	175258
702.48	n/a	NonTarget	1	175620
703.928	n/a	NonTarget	1	175982
705.376	n/a	NonTarget	1	176344
706.824	n/a	NonTarget	1	176706
708.272	n/a	NonTarget	1	177068
709.72	n/a	Target	2	177430
711.168	n/a	NonTarget	1	177792
712.616	n/a	NonTarget	1	178154
714.064	n/a	NonTarget	1	178516
715.512	n/a	NonTarget	1	178878
716.96	n/a	NonTarget	1	179240
718.408	n/a	NonTarget	1	179602
719.856	n/a	NonTarget	1	179964
721.304	n/a	NonTarget	1	180326
722.752	n/a	NonTarget	1	180688
724.2	n/a	NonTarget	1	181050
725.648	n/a	Target	2	181412
727.096	n/a	NonTarget	1	181774
728.544	n/a	NonTarget	1	182136
729.992	n/a	NonTarget	1	182498
731.44	n/a	Target	2	182860
732.888	n/a	NonTarget	1	183222
734.336	n/a	NonTarget	1	183584
735.784	n/a	NonTarget	1	183946
737.232	n/a	NonTarget	1	184308
738.68	n/a	NonTarget	1	184670
740.128	n/a	NonTarget	1	185032
741.576	n/a	NonTarget	1	185394
743.024	n/a	NonTarget	1	185756
744.472	n/a	NonTarget	1	186118
745.92	n/a	NonTarget	1	186480
747.368	n/a	Target	2	186842
748.816	n/a	NonTarget	1	187204
750.264	n/a	NonTarget	1	187566
751.712	n/a	NonTarget	1	187928
753.16	n/a	NonTarget	1	188290
754.608	n/a	Target	2	188652
756.056	n/a	NonTarget	1	189014
757.504	n/a	NonTarget	1	189376
758.952	n/a	NonTarget	1	189738
760.4	n/a	NonTarget	1	190100
761.848	n/a	NonTarget	1	190462
763.296	n/a	NonTarget	1	190824
764.744	n/a	NonTarget	1	191186
766.192	n/a	NonTarget	1	191548
767.64	n/a	Target	2	191910
769.088	n/a	NonTarget	1	192272
770.536	n/a	NonTarget	1	192634
771.984	n/a	NonTarget	1	192996
773.432	n/a	NonTarget	1	193358
774.88	n/a	NonTarget	1	193720
776.328	n/a	NonTarget	1	194082
777.776	n/a	NonTarget	1	194444
779.224	n/a	NonTarget	1	194806
780.672	n/a	NonTarget	1	195168
782.12	n/a	NonTarget	1	195530
783.568	n/a	Target	2	195892
785.016	n/a	NonTarget	1	196254
786.464	n/a	NonTarget	1	196616
787.912	n/a	NonTarget	1	196978
789.36	n/a	Target	2	197340
790.808	n/a	NonTarget	1	197702
792.256	n/a	NonTarget	1	198064
793.704	n/a	NonTarget	1	198426
795.152	n/a	NonTarget	1	198788
796.6	n/a	NonTarget	1	199150
798.048	n/a	NonTarget	1	199512
799.496	n/a	NonTarget	1	199874
800.944	n/a	NonTarget	1	200236
802.392	n/a	Target	2	200598
803.84	n/a	NonTarget	1	200960
805.288	n/a	NonTarget	1	201322
806.736	n/a	NonTarget	1	201684
808.184	n/a	NonTarget	1	202046
809.632	n/a	NonTarget	1	202408
811.08	n/a	NonTarget	1	202770
812.528	n/a	NonTarget	1	203132
813.976	n/a	NonTarget	1	203494
815.424	n/a	NonTarget	1	203856
816.872	n/a	NonTarget	1	204218
818.32	n/a	NonTarget	1	204580
819.768	n/a	NonTarget	1	204942
821.216	n/a	Target	2	205304
822.664	n/a	NonTarget	1	205666
824.112	n/a	NonTarget	1	206028
825.56	n/a	NonTarget	1	206390
827.008	n/a	NonTarget	1	206752
828.456	n/a	NonTarget	1	207114
829.904	n/a	NonTarget	1	207476
831.352	n/a	NonTarget	1	207838
832.8	n/a	Target	2	208200
834.248	n/a	NonTarget	1	208562
835.696	n/a	Target	2	208924
837.144	n/a	NonTarget	1	209286
838.592	n/a	NonTarget	1	209648
840.04	n/a	NonTarget	1	210010
841.488	n/a	NonTarget	1	210372
842.936	n/a	NonTarget	1	210734
844.384	n/a	NonTarget	1	211096
845.832	n/a	NonTarget	1	211458
847.28	n/a	NonTarget	1	211820
848.728	n/a	Target	2	212182
850.176	n/a	NonTarget	1	212544
851.624	n/a	NonTarget	1	212906
853.072	n/a	NonTarget	1	213268
854.52	n/a	NonTarget	1	213630
855.968	n/a	NonTarget	1	213992
857.416	n/a	NonTarget	1	214354
858.864	n/a	Target	2	214716
860.312	n/a	NonTarget	1	215078
861.76	n/a	NonTarget	1	215440
863.208	n/a	NonTarget	1	215802
864.656	n/a	NonTarget	1	216164
866.104	n/a	NonTarget	1	216526
867.552	n/a	NonTarget	1	216888
869.0	n/a	NonTarget	1	217250
870.448	n/a	NonTarget	1	217612
871.896	n/a	Target	2	217974
873.344	n/a	NonTarget	1	218336
874.792	n/a	NonTarget	1	218698
876.24	n/a	NonTarget	1	219060
877.688	n/a	NonTarget	1	219422
879.136	n/a	NonTarget	1	219784
880.584	n/a	NonTarget	1	220146
882.032	n/a	NonTarget	1	220508
883.48	n/a	NonTarget	1	220870
884.928	n/a	NonTarget	1	221232
886.376	n/a	NonTarget	1	221594
887.824	n/a	NonTarget	1	221956
889.272	n/a	NonTarget	1	222318
890.72	n/a	Target	2	222680
892.168	n/a	NonTarget	1	223042
893.616	n/a	NonTarget	1	223404
895.064	n/a	NonTarget	1	223766
896.512	n/a	NonTarget	1	224128
897.96	n/a	NonTarget	1	224490
899.408	n/a	Target	2	224852
900.856	n/a	NonTarget	1	225214
902.304	n/a	NonTarget	1	225576
903.752	n/a	NonTarget	1	225938
905.2	n/a	NonTarget	1	226300
906.648	n/a	NonTarget	1	226662
908.096	n/a	Target	2	227024
909.544	n/a	NonTarget	1	227386
910.992	n/a	NonTarget	1	227748
912.44	n/a	NonTarget	1	228110
913.888	n/a	NonTarget	1	228472
915.336	n/a	NonTarget	1	228834
916.784	n/a	NonTarget	1	229196
918.232	n/a	NonTarget	1	229558
919.68	n/a	Target	2	229920
921.128	n/a	NonTarget	1	230282
922.576	n/a	NonTarget	1	230644
924.024	n/a	NonTarget	1	231006
925.472	n/a	NonTarget	1	231368
926.92	n/a	NonTarget	1	231730
928.368	n/a	NonTarget	1	232092
929.816	n/a	NonTarget	1	232454
931.264	n/a	NonTarget	1	232816
932.712	n/a	NonTarget	1	233178
934.16	n/a	Target	2	233540
935.608	n/a	NonTarget	1	233902
937.056	n/a	NonTarget	1	234264
938.504	n/a	NonTarget	1	234626
939.952	n/a	NonTarget	1	234988
941.4	n/a	NonTarget	1	235350
942.848	n/a	NonTarget	1	235712
944.296	n/a	Target	2	236074
945.744	n/a	NonTarget	1	236436
947.192	n/a	NonTarget	1	236798
948.64	n/a	NonTarget	1	237160
950.088	n/a	Target	2	237522
951.536	n/a	NonTarget	1	237884
952.984	n/a	NonTarget	1	238246
954.432	n/a	NonTarget	1	238608
955.88	n/a	NonTarget	1	238970
957.328	n/a	NonTarget	1	239332
958.776	n/a	NonTarget	1	239694
960.224	n/a	NonTarget	1	240056
961.672	n/a	NonTarget	1	240418
963.12	n/a	NonTarget	1	240780
964.568	n/a	NonTarget	1	241142
966.016	n/a	NonTarget	1	241504
967.464	n/a	Target	2	241866
968.912	n/a	NonTarget	1	242228
970.36	n/a	NonTarget	1	242590
971.808	n/a	NonTarget	1	242952
973.256	n/a	NonTarget	1	243314
974.704	n/a	NonTarget	1	243676
976.152	n/a	NonTarget	1	244038
977.6	n/a	Target	2	244400
979.048	n/a	NonTarget	1	244762
980.496	n/a	NonTarget	1	245124
981.944	n/a	NonTarget	1	245486
983.392	n/a	NonTarget	1	245848
984.84	n/a	Target	2	246210
986.288	n/a	NonTarget	1	246572
987.736	n/a	NonTarget	1	246934
989.184	n/a	NonTarget	1	247296
990.632	n/a	NonTarget	1	247658
992.08	n/a	NonTarget	1	248020
993.528	n/a	NonTarget	1	248382
994.976	n/a	NonTarget	1	248744
996.424	n/a	NonTarget	1	249106
997.872	n/a	NonTarget	1	249468
999.32	n/a	NonTarget	1	249830
1000.768	n/a	NonTarget	1	250192
1002.216	n/a	NonTarget	1	250554
1003.664	n/a	NonTarget	1	250916
1005.112	n/a	NonTarget	1	251278
1006.56	n/a	Target	2	251640
1008.008	n/a	NonTarget	1	252002
1009.456	n/a	NonTarget	1	252364
1010.904	n/a	NonTarget	1	252726
1012.352	n/a	NonTarget	1	253088
1013.8	n/a	NonTarget	1	253450
1015.248	n/a	Target	2	253812
1016.696	n/a	NonTarget	1	254174
1018.144	n/a	NonTarget	1	254536
1019.592	n/a	NonTarget	1	254898
1021.04	n/a	Target	2	255260
1022.488	n/a	NonTarget	1	255622
1023.936	n/a	NonTarget	1	255984
1025.384	n/a	NonTarget	1	256346
1026.832	n/a	NonTarget	1	256708
1028.28	n/a	NonTarget	1	257070
1029.728	n/a	NonTarget	1	257432
1031.176	n/a	NonTarget	1	257794
1032.624	n/a	NonTarget	1	258156
1034.072	n/a	NonTarget	1	258518
1035.52	n/a	NonTarget	1	258880
1036.968	n/a	NonTarget	1	259242
1038.416	n/a	Target	2	259604
1039.864	n/a	NonTarget	1	259966
1041.312	n/a	NonTarget	1	260328
1042.76	n/a	NonTarget	1	260690
1044.208	n/a	NonTarget	1	261052
1045.656	n/a	NonTarget	1	261414
1047.104	n/a	NonTarget	1	261776
1048.552	n/a	NonTarget	1	262138
1050.0	n/a	Target	2	262500
1051.448	n/a	NonTarget	1	262862
1052.896	n/a	NonTarget	1	263224
1054.344	n/a	Target	2	263586
1055.792	n/a	NonTarget	1	263948
1057.24	n/a	NonTarget	1	264310
1058.688	n/a	NonTarget	1	264672
1060.136	n/a	NonTarget	1	265034
1061.584	n/a	NonTarget	1	265396
1063.032	n/a	NonTarget	1	265758
1064.48	n/a	NonTarget	1	266120
1065.928	n/a	NonTarget	1	266482
1067.376	n/a	Target	2	266844
1068.824	n/a	NonTarget	1	267206
1070.272	n/a	NonTarget	1	267568
1071.72	n/a	NonTarget	1	267930
1073.168	n/a	NonTarget	1	268292
1074.616	n/a	NonTarget	1	268654
1076.064	n/a	NonTarget	1	269016
1077.512	n/a	NonTarget	1	269378
1078.96	n/a	NonTarget	1	269740
1080.408	n/a	Target	2	270102
1081.856	n/a	NonTarget	1	270464
1083.304	n/a	NonTarget	1	270826
1084.752	n/a	NonTarget	1	271188
1086.2	n/a	NonTarget	1	271550
1087.648	n/a	NonTarget	1	271912
1089.096	n/a	Target	2	272274
1090.544	n/a	NonTarget	1	272636
1091.992	n/a	NonTarget	1	272998
1093.44	n/a	NonTarget	1	273360
1094.888	n/a	NonTarget	1	273722
1096.336	n/a	NonTarget	1	274084
1097.784	n/a	NonTarget	1	274446
1099.232	n/a	NonTarget	1	274808
1100.68	n/a	NonTarget	1	275170
1102.128	n/a	NonTarget	1	275532
1103.576	n/a	NonTarget	1	275894
1105.024	n/a	NonTarget	1	276256
1106.472	n/a	NonTarget	1	276618
1107.92	n/a	Target	2	276980
1109.368	n/a	NonTarget	1	277342
1110.816	n/a	NonTarget	1	277704
1112.264	n/a	NonTarget	1	278066
1113.712	n/a	Target	2	278428
1115.16	n/a	NonTarget	1	278790
1116.608	n/a	NonTarget	1	279152
1118.056	n/a	NonTarget	1	279514
1119.504	n/a	NonTarget	1	279876
1120.952	n/a	NonTarget	1	280238
1122.4	n/a	NonTarget	1	280600
1123.848	n/a	Target	2	280962
1125.296	n/a	NonTarget	1	281324
1126.744	n/a	NonTarget	1	281686
1128.192	n/a	NonTarget	1	282048
1129.64	n/a	NonTarget	1	282410
1131.088	n/a	NonTarget	1	282772
1132.536	n/a	NonTarget	1	283134
1133.984	n/a	NonTarget	1	283496
1135.432	n/a	NonTarget	1	283858
1136.88	n/a	NonTarget	1	284220
1138.328	n/a	NonTarget	1	284582
1139.776	n/a	NonTarget	1	284944
1141.224	n/a	NonTarget	1	285306
1142.672	n/a	Target	2	285668
1144.12	n/a	NonTarget	1	286030
1145.568	n/a	NonTarget	1	286392
1147.016	n/a	NonTarget	1	286754
1148.464	n/a	NonTarget	1	287116
1149.912	n/a	NonTarget	1	287478
1151.36	n/a	NonTarget	1	287840
1152.808	n/a	Target	2	288202
1154.256	n/a	NonTarget	1	288564
1155.704	n/a	NonTarget	1	288926
1157.152	n/a	NonTarget	1	289288
1158.6	n/a	NonTarget	1	289650
1160.048	n/a	Target	2	290012
1161.496	n/a	NonTarget	1	290374
1162.944	n/a	NonTarget	1	290736
1164.392	n/a	NonTarget	1	291098
1165.84	n/a	NonTarget	1	291460
1167.288	n/a	NonTarget	1	291822
1168.736	n/a	NonTarget	1	292184
1170.184	n/a	NonTarget	1	292546
1171.632	n/a	NonTarget	1	292908
1173.08	n/a	Target	2	293270
1174.528	n/a	NonTarget	1	293632
1175.976	n/a	NonTarget	1	293994
1177.424	n/a	NonTarget	1	294356
1178.872	n/a	NonTarget	1	294718
1180.32	n/a	NonTarget	1	295080
1181.768	n/a	NonTarget	1	295442
1183.216	n/a	NonTarget	1	295804
1184.664	n/a	Target	2	296166
1186.112	n/a	NonTarget	1	296528
1187.56	n/a	NonTarget	1	296890
1189.008	n/a	NonTarget	1	297252
1190.456	n/a	NonTarget	1	297614
1191.904	n/a	NonTarget	1	297976
1193.352	n/a	NonTarget	1	298338
1194.8	n/a	NonTarget	1	298700
1196.248	n/a	NonTarget	1	299062
1197.696	n/a	NonTarget	1	299424
1199.144	n/a	NonTarget	1	299786
1200.592	n/a	NonTarget	1	300148
1202.04	n/a	Target	2	300510
1203.488	n/a	NonTarget	1	300872
1204.936	n/a	Target	2	301234
1206.384	n/a	NonTarget	1	301596
1207.832	n/a	NonTarget	1	301958
1209.28	n/a	NonTarget	1	302320
1210.728	n/a	NonTarget	1	302682
1212.176	n/a	NonTarget	1	303044
1213.624	n/a	NonTarget	1	303406
1215.072	n/a	NonTarget	1	303768
1216.52	n/a	NonTarget	1	304130
1217.968	n/a	NonTarget	1	304492
1219.416	n/a	NonTarget	1	304854
1220.864	n/a	Target	2	305216
1222.312	n/a	NonTarget	1	305578
1223.76	n/a	NonTarget	1	305940
1225.208	n/a	NonTarget	1	306302
1226.656	n/a	NonTarget	1	306664
1228.104	n/a	NonTarget	1	307026
1229.552	n/a	NonTarget	1	307388
1231.0	n/a	NonTarget	1	307750
1232.448	n/a	NonTarget	1	308112
1233.896	n/a	NonTarget	1	308474
1235.344	n/a	Target	2	308836
1236.792	n/a	NonTarget	1	309198
1238.24	n/a	NonTarget	1	309560
1239.688	n/a	NonTarget	1	309922
1241.136	n/a	NonTarget	1	310284
1242.584	n/a	NonTarget	1	310646
1244.032	n/a	NonTarget	1	311008
1245.48	n/a	Target	2	311370
1246.928	n/a	NonTarget	1	311732
1248.376	n/a	NonTarget	1	312094
1249.824	n/a	NonTarget	1	312456
1251.272	n/a	NonTarget	1	312818
1252.72	n/a	NonTarget	1	313180
1254.168	n/a	NonTarget	1	313542
1255.616	n/a	NonTarget	1	313904
1257.064	n/a	NonTarget	1	314266
1258.512	n/a	NonTarget	1	314628
1259.96	n/a	NonTarget	1	314990
1261.408	n/a	Target	2	315352
1262.856	n/a	NonTarget	1	315714
1264.304	n/a	NonTarget	1	316076
1265.752	n/a	NonTarget	1	316438
1267.2	n/a	Target	2	316800
1268.648	n/a	NonTarget	1	317162
1270.096	n/a	NonTarget	1	317524
1271.544	n/a	NonTarget	1	317886
1272.992	n/a	NonTarget	1	318248
1274.44	n/a	NonTarget	1	318610
1275.888	n/a	NonTarget	1	318972
1277.336	n/a	NonTarget	1	319334
1278.784	n/a	NonTarget	1	319696
1280.232	n/a	Target	2	320058
1281.68	n/a	NonTarget	1	320420
1283.128	n/a	NonTarget	1	320782
1284.576	n/a	NonTarget	1	321144
1286.024	n/a	NonTarget	1	321506
1287.472	n/a	NonTarget	1	321868
1288.92	n/a	NonTarget	1	322230
1290.368	n/a	Target	2	322592
1291.816	n/a	NonTarget	1	322954
1293.264	n/a	NonTarget	1	323316
1294.712	n/a	NonTarget	1	323678
1296.16	n/a	NonTarget	1	324040
1297.608	n/a	NonTarget	1	324402
1299.056	n/a	NonTarget	1	324764
1300.504	n/a	Target	2	325126
1301.952	n/a	NonTarget	1	325488
1303.4	n/a	NonTarget	1	325850
1304.848	n/a	NonTarget	1	326212
1306.296	n/a	NonTarget	1	326574
1307.744	n/a	NonTarget	1	326936
1309.192	n/a	NonTarget	1	327298
1310.64	n/a	NonTarget	1	327660
1312.088	n/a	NonTarget	1	328022
1313.536	n/a	Target	2	328384
1314.984	n/a	NonTarget	1	328746
1316.432	n/a	NonTarget	1	329108
1317.88	n/a	NonTarget	1	329470
1319.328	n/a	NonTarget	1	329832
1320.776	n/a	NonTarget	1	330194
1322.224	n/a	NonTarget	1	330556
1323.672	n/a	NonTarget	1	330918
1325.12	n/a	NonTarget	1	331280
1326.568	n/a	NonTarget	1	331642
1328.016	n/a	NonTarget	1	332004
1329.464	n/a	NonTarget	1	332366
1330.912	n/a	Target	2	332728
1332.36	n/a	NonTarget	1	333090
1333.808	n/a	NonTarget	1	333452
1335.256	n/a	NonTarget	1	333814
1336.704	n/a	NonTarget	1	334176
1338.152	n/a	NonTarget	1	334538
1339.6	n/a	NonTarget	1	334900
1341.048	n/a	Target	2	335262
1342.496	n/a	NonTarget	1	335624
1343.944	n/a	NonTarget	1	335986
1345.392	n/a	NonTarget	1	336348
1346.84	n/a	NonTarget	1	336710
1348.288	n/a	NonTarget	1	337072
1349.736	n/a	NonTarget	1	337434
1351.184	n/a	NonTarget	1	337796
1352.632	n/a	NonTarget	1	338158
1354.08	n/a	Target	2	338520
1355.528	n/a	NonTarget	1	338882
1356.976	n/a	Target	2	339244
1358.424	n/a	NonTarget	1	339606
1359.872	n/a	NonTarget	1	339968
1361.32	n/a	NonTarget	1	340330
1362.768	n/a	NonTarget	1	340692
1364.216	n/a	NonTarget	1	341054
1365.664	n/a	NonTarget	1	341416
1367.112	n/a	Target	2	341778
1368.56	n/a	NonTarget	1	342140
1370.008	n/a	NonTarget	1	342502
1371.456	n/a	NonTarget	1	342864
1372.904	n/a	NonTarget	1	343226
1374.352	n/a	NonTarget	1	343588
1375.8	n/a	NonTarget	1	343950
1377.248	n/a	NonTarget	1	344312
1378.696	n/a	NonTarget	1	344674
1380.144	n/a	NonTarget	1	345036
1381.592	n/a	NonTarget	1	345398
1383.04	n/a	NonTarget	1	345760
1384.488	n/a	Target	2	346122
1385.936	n/a	NonTarget	1	346484
1387.384	n/a	NonTarget	1	346846
1388.832	n/a	NonTarget	1	347208
1390.28	n/a	NonTarget	1	347570
1391.728	n/a	NonTarget	1	347932
1393.176	n/a	NonTarget	1	348294
1394.624	n/a	NonTarget	1	348656
1396.072	n/a	Target	2	349018
1397.52	n/a	NonTarget	1	349380
1398.968	n/a	NonTarget	1	349742
1400.416	n/a	NonTarget	1	350104
1401.864	n/a	NonTarget	1	350466
1403.312	n/a	Target	2	350828
1404.76	n/a	NonTarget	1	351190
1406.208	n/a	NonTarget	1	351552
1407.656	n/a	NonTarget	1	351914
1409.104	n/a	NonTarget	1	352276
1410.552	n/a	NonTarget	1	352638
1412.0	n/a	NonTarget	1	353000
1413.448	n/a	Target	2	353362
1414.896	n/a	NonTarget	1	353724
1416.344	n/a	NonTarget	1	354086
1417.792	n/a	NonTarget	1	354448
1419.24	n/a	NonTarget	1	354810
1420.688	n/a	NonTarget	1	355172
1422.136	n/a	NonTarget	1	355534
1423.584	n/a	NonTarget	1	355896
1425.032	n/a	NonTarget	1	356258
1426.48	n/a	NonTarget	1	356620
1427.928	n/a	NonTarget	1	356982
1429.376	n/a	Target	2	357344
1430.824	n/a	NonTarget	1	357706
1432.272	n/a	NonTarget	1	358068
1433.72	n/a	NonTarget	1	358430
1435.168	n/a	NonTarget	1	358792
1436.616	n/a	Target	2	359154
1438.064	n/a	NonTarget	1	359516
1439.512	n/a	NonTarget	1	359878
1440.96	n/a	NonTarget	1	360240
1442.408	n/a	NonTarget	1	360602
1443.856	n/a	NonTarget	1	360964
1445.304	n/a	NonTarget	1	361326
1446.752	n/a	NonTarget	1	361688
1448.2	n/a	NonTarget	1	362050
1449.648	n/a	NonTarget	1	362412
1451.096	n/a	NonTarget	1	362774
1452.544	n/a	Target	2	363136
1453.992	n/a	NonTarget	1	363498
1455.44	n/a	NonTarget	1	363860
1456.888	n/a	NonTarget	1	364222
1458.336	n/a	NonTarget	1	364584
1459.784	n/a	NonTarget	1	364946
1461.232	n/a	NonTarget	1	365308
1462.68	n/a	NonTarget	1	365670
1464.128	n/a	NonTarget	1	366032
1465.576	n/a	Target	2	366394
1467.024	n/a	NonTarget	1	366756
1468.472	n/a	NonTarget	1	367118
1469.92	n/a	NonTarget	1	367480
1471.368	n/a	NonTarget	1	367842
1472.816	n/a	NonTarget	1	368204
1474.264	n/a	NonTarget	1	368566
1475.712	n/a	NonTarget	1	368928
1477.16	n/a	NonTarget	1	369290
1478.608	n/a	NonTarget	1	369652
1480.056	n/a	Target	2	370014
1481.504	n/a	NonTarget	1	370376
1482.952	n/a	NonTarget	1	370738
1484.4	n/a	NonTarget	1	371100
1485.848	n/a	NonTarget	1	371462
1487.296	n/a	NonTarget	1	371824
1488.744	n/a	Target	2	372186
1490.192	n/a	NonTarget	1	372548
1491.64	n/a	NonTarget	1	372910
1493.088	n/a	NonTarget	1	373272
1494.536	n/a	Target	2	373634
1495.984	n/a	NonTarget	1	373996
1497.432	n/a	NonTarget	1	374358
1498.88	n/a	NonTarget	1	374720
1500.328	n/a	NonTarget	1	375082
1501.776	n/a	NonTarget	1	375444
1503.224	n/a	NonTarget	1	375806
1504.672	n/a	NonTarget	1	376168
1506.12	n/a	NonTarget	1	376530
1507.568	n/a	NonTarget	1	376892
1509.016	n/a	NonTarget	1	377254
1510.464	n/a	NonTarget	1	377616
1511.912	n/a	Target	2	377978
1513.36	n/a	NonTarget	1	378340
1514.808	n/a	NonTarget	1	378702
1516.256	n/a	NonTarget	1	379064
1517.704	n/a	NonTarget	1	379426
1519.152	n/a	Target	2	379788
1520.6	n/a	NonTarget	1	380150
1522.048	n/a	NonTarget	1	380512
1523.496	n/a	NonTarget	1	380874
1524.944	n/a	NonTarget	1	381236
1526.392	n/a	NonTarget	1	381598
1527.84	n/a	NonTarget	1	381960
1529.288	n/a	NonTarget	1	382322
1530.736	n/a	NonTarget	1	382684
1532.184	n/a	NonTarget	1	383046
1533.632	n/a	NonTarget	1	383408
1535.08	n/a	NonTarget	1	383770
1536.528	n/a	Target	2	384132
1537.976	n/a	NonTarget	1	384494
1539.424	n/a	NonTarget	1	384856
1540.872	n/a	NonTarget	1	385218
1542.32	n/a	NonTarget	1	385580
1543.768	n/a	NonTarget	1	385942
1545.216	n/a	NonTarget	1	386304
1546.664	n/a	NonTarget	1	386666
1548.112	n/a	Target	2	387028
1549.56	n/a	NonTarget	1	387390
1551.008	n/a	NonTarget	1	387752
1552.456	n/a	NonTarget	1	388114
1553.904	n/a	Target	2	388476
1555.352	n/a	NonTarget	1	388838
1556.8	n/a	NonTarget	1	389200
1558.248	n/a	NonTarget	1	389562
1559.696	n/a	NonTarget	1	389924
1561.144	n/a	NonTarget	1	390286
1562.592	n/a	NonTarget	1	390648
1564.04	n/a	NonTarget	1	391010
1565.488	n/a	Target	2	391372
1566.936	n/a	NonTarget	1	391734
1568.384	n/a	NonTarget	1	392096
1569.832	n/a	NonTarget	1	392458
1571.28	n/a	NonTarget	1	392820
1572.728	n/a	NonTarget	1	393182
1574.176	n/a	NonTarget	1	393544
1575.624	n/a	NonTarget	1	393906
1577.072	n/a	Target	2	394268
1578.52	n/a	NonTarget	1	394630
1579.968	n/a	NonTarget	1	394992
1581.416	n/a	NonTarget	1	395354
1582.864	n/a	NonTarget	1	395716
1584.312	n/a	NonTarget	1	396078
1585.76	n/a	NonTarget	1	396440
1587.208	n/a	NonTarget	1	396802
1588.656	n/a	NonTarget	1	397164
1590.104	n/a	NonTarget	1	397526
1591.552	n/a	NonTarget	1	397888
1593.0	n/a	NonTarget	1	398250
1594.448	n/a	NonTarget	1	398612
1595.896	n/a	Target	2	398974
1597.344	n/a	NonTarget	1	399336
1598.792	n/a	NonTarget	1	399698
1600.24	n/a	NonTarget	1	400060
1601.688	n/a	NonTarget	1	400422
1603.136	n/a	NonTarget	1	400784
1604.584	n/a	NonTarget	1	401146
1606.032	n/a	NonTarget	1	401508
1607.48	n/a	NonTarget	1	401870
1608.928	n/a	Target	2	402232
1610.376	n/a	NonTarget	1	402594
1611.824	n/a	NonTarget	1	402956
1613.272	n/a	NonTarget	1	403318
1614.72	n/a	NonTarget	1	403680
1616.168	n/a	NonTarget	1	404042
1617.616	n/a	Target	2	404404
1619.064	n/a	NonTarget	1	404766
1620.512	n/a	NonTarget	1	405128
1621.96	n/a	Target	2	405490
1623.408	n/a	NonTarget	1	405852
1624.856	n/a	NonTarget	1	406214
1626.304	n/a	NonTarget	1	406576
1627.752	n/a	NonTarget	1	406938
1629.2	n/a	NonTarget	1	407300
1630.648	n/a	NonTarget	1	407662
1632.096	n/a	NonTarget	1	408024
1633.544	n/a	NonTarget	1	408386
1634.992	n/a	NonTarget	1	408748
1636.44	n/a	NonTarget	1	409110
1637.888	n/a	NonTarget	1	409472
1639.336	n/a	NonTarget	1	409834
1640.784	n/a	NonTarget	1	410196
1642.232	n/a	Target	2	410558
1643.68	n/a	NonTarget	1	410920
1645.128	n/a	NonTarget	1	411282
1646.576	n/a	Target	2	411644
1648.024	n/a	NonTarget	1	412006
1649.472	n/a	NonTarget	1	412368
1650.92	n/a	NonTarget	1	412730
1652.368	n/a	NonTarget	1	413092
1653.816	n/a	NonTarget	1	413454
1655.264	n/a	NonTarget	1	413816
1656.712	n/a	NonTarget	1	414178
1658.16	n/a	NonTarget	1	414540
1659.608	n/a	NonTarget	1	414902
1661.056	n/a	NonTarget	1	415264
1662.504	n/a	NonTarget	1	415626
1663.952	n/a	NonTarget	1	415988
1665.4	n/a	Target	2	416350
1666.848	n/a	NonTarget	1	416712
1668.296	n/a	NonTarget	1	417074
1669.744	n/a	NonTarget	1	417436
1671.192	n/a	NonTarget	1	417798
1672.64	n/a	NonTarget	1	418160
1674.088	n/a	Target	2	418522
1675.536	n/a	NonTarget	1	418884
1676.984	n/a	NonTarget	1	419246
1678.432	n/a	NonTarget	1	419608
1679.88	n/a	Target	2	419970
1681.328	n/a	NonTarget	1	420332
1682.776	n/a	NonTarget	1	420694
1684.224	n/a	NonTarget	1	421056
1685.672	n/a	NonTarget	1	421418
1687.12	n/a	NonTarget	1	421780
1688.568	n/a	NonTarget	1	422142
1690.016	n/a	NonTarget	1	422504
1691.464	n/a	NonTarget	1	422866
1692.912	n/a	NonTarget	1	423228
1694.36	n/a	NonTarget	1	423590
1695.808	n/a	Target	2	423952
1697.256	n/a	NonTarget	1	424314
1698.704	n/a	NonTarget	1	424676
1700.152	n/a	NonTarget	1	425038
1701.6	n/a	NonTarget	1	425400
1703.048	n/a	NonTarget	1	425762
1704.496	n/a	NonTarget	1	426124
1705.944	n/a	NonTarget	1	426486
1707.392	n/a	NonTarget	1	426848
1708.84	n/a	Target	2	427210
1710.288	n/a	NonTarget	1	427572
1711.736	n/a	NonTarget	1	427934
1713.184	n/a	NonTarget	1	428296
1714.632	n/a	NonTarget	1	428658
1716.08	n/a	NonTarget	1	429020
1717.528	n/a	NonTarget	1	429382
1718.976	n/a	NonTarget	1	429744
1720.424	n/a	NonTarget	1	430106
1721.872	n/a	NonTarget	1	430468
1723.32	n/a	Target	2	430830
1724.768	n/a	NonTarget	1	431192
1726.216	n/a	NonTarget	1	431554
1727.664	n/a	NonTarget	1	431916
1729.112	n/a	NonTarget	1	432278
1730.56	n/a	NonTarget	1	432640
1732.008	n/a	NonTarget	1	433002
1733.456	n/a	NonTarget	1	433364
1734.904	n/a	Target	2	433726
1736.352	n/a	NonTarget	1	434088
1737.8	n/a	NonTarget	1	434450
1739.248	n/a	NonTarget	1	434812
1740.696	n/a	NonTarget	1	435174
1742.144	n/a	NonTarget	1	435536
1743.592	n/a	NonTarget	1	435898
1745.04	n/a	Target	2	436260
1746.488	n/a	NonTarget	1	436622
1747.936	n/a	NonTarget	1	436984
1749.384	n/a	NonTarget	1	437346
1750.832	n/a	NonTarget	1	437708
1752.28	n/a	NonTarget	1	438070
1753.728	n/a	NonTarget	1	438432
1755.176	n/a	NonTarget	1	438794
1756.624	n/a	Target	2	439156
1758.072	n/a	NonTarget	1	439518
1759.52	n/a	NonTarget	1	439880
1760.968	n/a	NonTarget	1	440242
1762.416	n/a	NonTarget	1	440604
1763.864	n/a	NonTarget	1	440966
1765.312	n/a	Target	2	441328
1766.76	n/a	NonTarget	1	441690
1768.208	n/a	NonTarget	1	442052
1769.656	n/a	NonTarget	1	442414
1771.104	n/a	NonTarget	1	442776
1772.552	n/a	NonTarget	1	443138
1774.0	n/a	NonTarget	1	443500
1775.448	n/a	Target	2	443862
1776.896	n/a	NonTarget	1	444224
1778.344	n/a	NonTarget	1	444586
1779.792	n/a	NonTarget	1	444948
1781.24	n/a	NonTarget	1	445310
1782.688	n/a	NonTarget	1	445672
1784.136	n/a	NonTarget	1	446034
1785.584	n/a	NonTarget	1	446396
1787.032	n/a	Target	2	446758
1788.48	n/a	NonTarget	1	447120
1789.928	n/a	NonTarget	1	447482
1791.376	n/a	NonTarget	1	447844
1792.824	n/a	NonTarget	1	448206
1794.272	n/a	NonTarget	1	448568
1795.72	n/a	NonTarget	1	448930
1797.168	n/a	Target	2	449292
1798.616	n/a	NonTarget	1	449654
1800.064	n/a	NonTarget	1	450016
1801.512	n/a	NonTarget	1	450378
1802.96	n/a	NonTarget	1	450740
1804.408	n/a	NonTarget	1	451102
1805.856	n/a	NonTarget	1	451464
1807.304	n/a	NonTarget	1	451826
1808.752	n/a	NonTarget	1	452188
1810.2	n/a	Target	2	452550
1811.648	n/a	NonTarget	1	452912
1813.096	n/a	NonTarget	1	453274
1814.544	n/a	NonTarget	1	453636
1815.992	n/a	NonTarget	1	453998
1817.44	n/a	NonTarget	1	454360
1818.888	n/a	NonTarget	1	454722
1820.336	n/a	NonTarget	1	455084
1821.784	n/a	Target	2	455446
1823.232	n/a	NonTarget	1	455808
1824.68	n/a	NonTarget	1	456170
1826.128	n/a	NonTarget	1	456532
1827.576	n/a	NonTarget	1	456894
1829.024	n/a	NonTarget	1	457256
1830.472	n/a	NonTarget	1	457618
1831.92	n/a	NonTarget	1	457980
1833.368	n/a	NonTarget	1	458342
1834.816	n/a	Target	2	458704
1836.264	n/a	NonTarget	1	459066
1837.712	n/a	NonTarget	1	459428
1839.16	n/a	NonTarget	1	459790
1840.608	n/a	NonTarget	1	460152
1842.056	n/a	NonTarget	1	460514
1843.504	n/a	NonTarget	1	460876
1844.952	n/a	NonTarget	1	461238
1846.4	n/a	Target	2	461600
1847.848	n/a	NonTarget	1	461962
1849.296	n/a	NonTarget	1	462324
1850.744	n/a	NonTarget	1	462686
1852.192	n/a	NonTarget	1	463048
1853.64	n/a	NonTarget	1	463410
1855.088	n/a	NonTarget	1	463772
1856.536	n/a	NonTarget	1	464134
1857.984	n/a	NonTarget	1	464496
1859.432	n/a	NonTarget	1	464858
1860.88	n/a	NonTarget	1	465220
1862.328	n/a	Target	2	465582
1863.776	n/a	NonTarget	1	465944
1865.224	n/a	Target	2	466306
1866.672	n/a	NonTarget	1	466668
1868.12	n/a	NonTarget	1	467030
1869.568	n/a	NonTarget	1	467392
1871.016	n/a	NonTarget	1	467754
1872.464	n/a	NonTarget	1	468116
1873.912	n/a	NonTarget	1	468478
1875.36	n/a	NonTarget	1	468840
1876.808	n/a	NonTarget	1	469202
1878.256	n/a	NonTarget	1	469564
1879.704	n/a	Target	2	469926
1881.152	n/a	NonTarget	1	470288
1882.6	n/a	NonTarget	1	470650
1884.048	n/a	NonTarget	1	471012
1885.496	n/a	NonTarget	1	471374
1886.944	n/a	NonTarget	1	471736
1888.392	n/a	NonTarget	1	472098
1889.84	n/a	NonTarget	1	472460
1891.288	n/a	NonTarget	1	472822
1892.736	n/a	Target	2	473184
1894.184	n/a	NonTarget	1	473546
1895.632	n/a	NonTarget	1	473908
1897.08	n/a	NonTarget	1	474270
1898.528	n/a	NonTarget	1	474632
1899.976	n/a	NonTarget	1	474994
1901.424	n/a	NonTarget	1	475356
1902.872	n/a	Target	2	475718
1904.32	n/a	NonTarget	1	476080
1905.768	n/a	NonTarget	1	476442
1907.216	n/a	NonTarget	1	476804
1908.664	n/a	NonTarget	1	477166
1910.112	n/a	NonTarget	1	477528
1911.56	n/a	NonTarget	1	477890
1913.008	n/a	NonTarget	1	478252
1914.456	n/a	Target	2	478614
1915.904	n/a	NonTarget	1	478976
1917.352	n/a	NonTarget	1	479338
1918.8	n/a	NonTarget	1	479700
1920.248	n/a	NonTarget	1	480062
1921.696	n/a	NonTarget	1	480424
1923.144	n/a	NonTarget	1	480786
1924.592	n/a	NonTarget	1	481148
1926.04	n/a	NonTarget	1	481510
1927.488	n/a	NonTarget	1	481872
1928.936	n/a	NonTarget	1	482234
1930.384	n/a	NonTarget	1	482596
1931.832	n/a	NonTarget	1	482958
1933.28	n/a	Target	2	483320
1934.728	n/a	NonTarget	1	483682
1936.176	n/a	NonTarget	1	484044
1937.624	n/a	NonTarget	1	484406
1939.072	n/a	NonTarget	1	484768
1940.52	n/a	NonTarget	1	485130
1941.968	n/a	NonTarget	1	485492
1943.416	n/a	Target	2	485854
1944.864	n/a	NonTarget	1	486216
1946.312	n/a	Target	2	486578
1947.76	n/a	NonTarget	1	486940
1949.208	n/a	NonTarget	1	487302
1950.656	n/a	NonTarget	1	487664
1952.104	n/a	NonTarget	1	488026
1953.552	n/a	NonTarget	1	488388
1955.0	n/a	NonTarget	1	488750
1956.448	n/a	NonTarget	1	489112
1957.896	n/a	NonTarget	1	489474
1959.344	n/a	Target	2	489836
1960.792	n/a	NonTarget	1	490198
1962.24	n/a	NonTarget	1	490560
1963.688	n/a	NonTarget	1	490922
1965.136	n/a	NonTarget	1	491284
1966.584	n/a	NonTarget	1	491646
1968.032	n/a	NonTarget	1	492008
1969.48	n/a	NonTarget	1	492370
1970.928	n/a	NonTarget	1	492732
1972.376	n/a	NonTarget	1	493094
1973.824	n/a	Target	2	493456
1975.272	n/a	NonTarget	1	493818
1976.72	n/a	NonTarget	1	494180
1978.168	n/a	NonTarget	1	494542
1979.616	n/a	NonTarget	1	494904
1981.064	n/a	Target	2	495266
1982.512	n/a	NonTarget	1	495628
1983.96	n/a	NonTarget	1	495990
1985.408	n/a	NonTarget	1	496352
1986.856	n/a	NonTarget	1	496714
1988.304	n/a	NonTarget	1	497076
1989.752	n/a	NonTarget	1	497438
1991.2	n/a	NonTarget	1	497800
1992.648	n/a	NonTarget	1	498162
1994.096	n/a	NonTarget	1	498524
1995.544	n/a	NonTarget	1	498886
1996.992	n/a	NonTarget	1	499248
1998.44	n/a	NonTarget	1	499610
1999.888	n/a	Target	2	499972
2001.336	n/a	NonTarget	1	500334
2002.784	n/a	NonTarget	1	500696
2004.232	n/a	NonTarget	1	501058
2005.68	n/a	NonTarget	1	501420
2007.128	n/a	NonTarget	1	501782
2008.576	n/a	NonTarget	1	502144
2010.024	n/a	NonTarget	1	502506
2011.472	n/a	NonTarget	1	502868
2012.92	n/a	NonTarget	1	503230
2014.368	n/a	Target	2	503592
2015.816	n/a	NonTarget	1	503954
2017.264	n/a	NonTarget	1	504316
2018.712	n/a	Target	2	504678
2020.16	n/a	NonTarget	1	505040
2021.608	n/a	NonTarget	1	505402
2023.056	n/a	NonTarget	1	505764
2024.504	n/a	NonTarget	1	506126
2025.952	n/a	NonTarget	1	506488
2027.4	n/a	NonTarget	1	506850
2028.848	n/a	NonTarget	1	507212
2030.296	n/a	NonTarget	1	507574
2031.744	n/a	NonTarget	1	507936
2033.192	n/a	NonTarget	1	508298
2034.64	n/a	NonTarget	1	508660
2036.088	n/a	Target	2	509022
2037.536	n/a	NonTarget	1	509384
2038.984	n/a	NonTarget	1	509746
2040.432	n/a	NonTarget	1	510108
2041.88	n/a	Target	2	510470
2043.328	n/a	NonTarget	1	510832
2044.776	n/a	NonTarget	1	511194
2046.224	n/a	NonTarget	1	511556
2047.672	n/a	NonTarget	1	511918
2049.12	n/a	NonTarget	1	512280
2050.568	n/a	NonTarget	1	512642
2052.016	n/a	NonTarget	1	513004
2053.464	n/a	Target	2	513366
2054.912	n/a	NonTarget	1	513728
2056.36	n/a	NonTarget	1	514090
2057.808	n/a	NonTarget	1	514452
2059.256	n/a	NonTarget	1	514814
2060.704	n/a	NonTarget	1	515176
2062.152	n/a	NonTarget	1	515538
2063.6	n/a	NonTarget	1	515900
2065.048	n/a	NonTarget	1	516262
2066.496	n/a	NonTarget	1	516624
2067.944	n/a	NonTarget	1	516986
2069.392	n/a	Target	2	517348
2070.84	n/a	NonTarget	1	517710
2072.288	n/a	NonTarget	1	518072
2073.736	n/a	NonTarget	1	518434
2075.184	n/a	NonTarget	1	518796
2076.632	n/a	NonTarget	1	519158
2078.08	n/a	NonTarget	1	519520
2079.528	n/a	NonTarget	1	519882
2080.976	n/a	NonTarget	1	520244
2082.424	n/a	NonTarget	1	520606
2083.872	n/a	Target	2	520968
2085.32	n/a	NonTarget	1	521330
2086.768	n/a	NonTarget	1	521692
2088.216	n/a	NonTarget	1	522054
2089.664	n/a	Target	2	522416
2091.112	n/a	NonTarget	1	522778
2092.56	n/a	NonTarget	1	523140
2094.008	n/a	NonTarget	1	523502
2095.456	n/a	NonTarget	1	523864
2096.904	n/a	NonTarget	1	524226
2098.352	n/a	NonTarget	1	524588
2099.8	n/a	NonTarget	1	524950
2101.248	n/a	NonTarget	1	525312
2102.696	n/a	NonTarget	1	525674
2104.144	n/a	NonTarget	1	526036
2105.592	n/a	Target	2	526398
2107.04	n/a	NonTarget	1	526760
2108.488	n/a	Target	2	527122
2109.936	n/a	NonTarget	1	527484
2111.384	n/a	NonTarget	1	527846
2112.832	n/a	NonTarget	1	528208
2114.28	n/a	NonTarget	1	528570
2115.728	n/a	NonTarget	1	528932
2117.176	n/a	NonTarget	1	529294
2118.624	n/a	NonTarget	1	529656
2120.072	n/a	NonTarget	1	530018
2121.52	n/a	NonTarget	1	530380
2122.968	n/a	Target	2	530742
2124.416	n/a	NonTarget	1	531104
2125.864	n/a	NonTarget	1	531466
2127.312	n/a	NonTarget	1	531828
2128.76	n/a	NonTarget	1	532190
2130.208	n/a	NonTarget	1	532552
2131.656	n/a	NonTarget	1	532914
2133.104	n/a	NonTarget	1	533276
2134.552	n/a	NonTarget	1	533638
2136.0	n/a	NonTarget	1	534000
2137.448	n/a	NonTarget	1	534362
2138.896	n/a	NonTarget	1	534724
2140.344	n/a	Target	2	535086
2141.792	n/a	NonTarget	1	535448
2143.24	n/a	NonTarget	1	535810
2144.688	n/a	Target	2	536172
2146.136	n/a	NonTarget	1	536534
2147.584	n/a	NonTarget	1	536896
2149.032	n/a	NonTarget	1	537258
2150.48	n/a	NonTarget	1	537620
2151.928	n/a	NonTarget	1	537982
2153.376	n/a	NonTarget	1	538344
2154.824	n/a	NonTarget	1	538706
2156.272	n/a	NonTarget	1	539068
2157.72	n/a	Target	2	539430
2159.168	n/a	NonTarget	1	539792
2160.616	n/a	NonTarget	1	540154
2162.064	n/a	NonTarget	1	540516
2163.512	n/a	NonTarget	1	540878
2164.96	n/a	NonTarget	1	541240
2166.408	n/a	Target	2	541602
2167.856	n/a	NonTarget	1	541964
2169.304	n/a	NonTarget	1	542326
2170.752	n/a	NonTarget	1	542688
2172.2	n/a	NonTarget	1	543050
2173.648	n/a	NonTarget	1	543412
2175.096	n/a	NonTarget	1	543774
2176.544	n/a	NonTarget	1	544136
2177.992	n/a	NonTarget	1	544498
2179.44	n/a	Target	2	544860
2180.888	n/a	NonTarget	1	545222
2182.336	n/a	NonTarget	1	545584
2183.784	n/a	NonTarget	1	545946
2185.232	n/a	NonTarget	1	546308
2186.68	n/a	NonTarget	1	546670
2188.128	n/a	NonTarget	1	547032
2189.576	n/a	NonTarget	1	547394
2191.024	n/a	NonTarget	1	547756
2192.472	n/a	NonTarget	1	548118
2193.92	n/a	NonTarget	1	548480
2195.368	n/a	NonTarget	1	548842
2196.816	n/a	NonTarget	1	549204
2198.264	n/a	NonTarget	1	549566
2199.712	n/a	Target	2	549928
2201.16	n/a	NonTarget	1	550290
2202.608	n/a	NonTarget	1	550652
2204.056	n/a	Target	2	551014
2205.504	n/a	NonTarget	1	551376
2206.952	n/a	NonTarget	1	551738
2208.4	n/a	NonTarget	1	552100
2209.848	n/a	NonTarget	1	552462
2211.296	n/a	NonTarget	1	552824
2212.744	n/a	NonTarget	1	553186
2214.192	n/a	NonTarget	1	553548
2215.64	n/a	NonTarget	1	553910
2217.088	n/a	NonTarget	1	554272
2218.536	n/a	NonTarget	1	554634
2219.984	n/a	Target	2	554996
2221.432	n/a	NonTarget	1	555358
2222.88	n/a	NonTarget	1	555720
2224.328	n/a	NonTarget	1	556082
2225.776	n/a	NonTarget	1	556444
2227.224	n/a	NonTarget	1	556806
2228.672	n/a	NonTarget	1	557168
2230.12	n/a	Target	2	557530
2231.568	n/a	NonTarget	1	557892
2233.016	n/a	NonTarget	1	558254
2234.464	n/a	NonTarget	1	558616
2235.912	n/a	NonTarget	1	558978
2237.36	n/a	NonTarget	1	559340
2238.808	n/a	NonTarget	1	559702
2240.256	n/a	NonTarget	1	560064
2241.704	n/a	NonTarget	1	560426
2243.152	n/a	NonTarget	1	560788
2244.6	n/a	Target	2	561150
2246.048	n/a	NonTarget	1	561512
2247.496	n/a	NonTarget	1	561874
2248.944	n/a	NonTarget	1	562236
2250.392	n/a	Target	2	562598
2251.84	n/a	NonTarget	1	562960
2253.288	n/a	NonTarget	1	563322
2254.736	n/a	NonTarget	1	563684
2256.184	n/a	NonTarget	1	564046
2257.632	n/a	NonTarget	1	564408
2259.08	n/a	NonTarget	1	564770
2260.528	n/a	Target	2	565132
2261.976	n/a	NonTarget	1	565494
2263.424	n/a	NonTarget	1	565856
2264.872	n/a	NonTarget	1	566218
2266.32	n/a	NonTarget	1	566580
2267.768	n/a	NonTarget	1	566942
2269.216	n/a	NonTarget	1	567304
2270.664	n/a	NonTarget	1	567666
2272.112	n/a	NonTarget	1	568028
2273.56	n/a	Target	2	568390
2275.008	n/a	NonTarget	1	568752
2276.456	n/a	NonTarget	1	569114
2277.904	n/a	NonTarget	1	569476
2279.352	n/a	NonTarget	1	569838
2280.8	n/a	NonTarget	1	570200
2282.248	n/a	NonTarget	1	570562
2283.696	n/a	Target	2	570924
2285.144	n/a	NonTarget	1	571286
2286.592	n/a	NonTarget	1	571648
2288.04	n/a	NonTarget	1	572010
2289.488	n/a	NonTarget	1	572372
2290.936	n/a	NonTarget	1	572734
2292.384	n/a	NonTarget	1	573096
2293.832	n/a	NonTarget	1	573458
2295.28	n/a	NonTarget	1	573820
2296.728	n/a	NonTarget	1	574182
2298.176	n/a	NonTarget	1	574544
2299.624	n/a	NonTarget	1	574906
2301.072	n/a	NonTarget	1	575268
2302.52	n/a	NonTarget	1	575630
2303.968	n/a	Target	2	575992
2305.416	n/a	NonTarget	1	576354
2306.864	n/a	NonTarget	1	576716
2308.312	n/a	NonTarget	1	577078
2309.76	n/a	NonTarget	1	577440
2311.208	n/a	NonTarget	1	577802
2312.656	n/a	NonTarget	1	578164
2314.104	n/a	Target	2	578526
2315.552	n/a	NonTarget	1	578888
2317.0	n/a	NonTarget	1	579250
2318.448	n/a	NonTarget	1	579612
2319.896	n/a	NonTarget	1	579974
2321.344	n/a	NonTarget	1	580336
2322.792	n/a	NonTarget	1	580698
2324.24	n/a	NonTarget	1	581060
2325.688	n/a	Target	2	581422
2327.136	n/a	NonTarget	1	581784
2328.584	n/a	NonTarget	1	582146
2330.032	n/a	NonTarget	1	582508
2331.48	n/a	NonTarget	1	582870
2332.928	n/a	NonTarget	1	583232
2334.376	n/a	NonTarget	1	583594
2335.824	n/a	NonTarget	1	583956
2337.272	n/a	Target	2	584318
2338.72	n/a	NonTarget	1	584680
2340.168	n/a	NonTarget	1	585042
2341.616	n/a	Target	2	585404
2343.064	n/a	NonTarget	1	585766
2344.512	n/a	NonTarget	1	586128
2345.96	n/a	NonTarget	1	586490
2347.408	n/a	NonTarget	1	586852
2348.856	n/a	NonTarget	1	587214
2350.304	n/a	NonTarget	1	587576
2351.752	n/a	NonTarget	1	587938
2353.2	n/a	NonTarget	1	588300
2354.648	n/a	NonTarget	1	588662
2356.096	n/a	Target	2	589024
2357.544	n/a	NonTarget	1	589386
2358.992	n/a	NonTarget	1	589748
2360.44	n/a	NonTarget	1	590110
2361.888	n/a	NonTarget	1	590472
2363.336	n/a	NonTarget	1	590834
2364.784	n/a	NonTarget	1	591196
2366.232	n/a	Target	2	591558
2367.68	n/a	NonTarget	1	591920
2369.128	n/a	NonTarget	1	592282
2370.576	n/a	NonTarget	1	592644
2372.024	n/a	NonTarget	1	593006
2373.472	n/a	NonTarget	1	593368
2374.92	n/a	NonTarget	1	593730
2376.368	n/a	NonTarget	1	594092
2377.816	n/a	NonTarget	1	594454
2379.264	n/a	NonTarget	1	594816
2380.712	n/a	NonTarget	1	595178
2382.16	n/a	NonTarget	1	595540
2383.608	n/a	NonTarget	1	595902
2385.056	n/a	Target	2	596264
2386.504	n/a	NonTarget	1	596626
2387.952	n/a	Target	2	596988
2389.4	n/a	NonTarget	1	597350
2390.848	n/a	NonTarget	1	597712
2392.296	n/a	NonTarget	1	598074
2393.744	n/a	NonTarget	1	598436
2395.192	n/a	NonTarget	1	598798
2396.64	n/a	NonTarget	1	599160
2398.088	n/a	NonTarget	1	599522
2399.536	n/a	Target	2	599884
2400.984	n/a	NonTarget	1	600246
2402.432	n/a	NonTarget	1	600608
2403.88	n/a	NonTarget	1	600970
2405.328	n/a	NonTarget	1	601332
2406.776	n/a	NonTarget	1	601694
2408.224	n/a	NonTarget	1	602056
2409.672	n/a	NonTarget	1	602418
2411.12	n/a	NonTarget	1	602780
2412.568	n/a	NonTarget	1	603142
2414.016	n/a	NonTarget	1	603504
2415.464	n/a	NonTarget	1	603866
2416.912	n/a	Target	2	604228
2418.36	n/a	NonTarget	1	604590
2419.808	n/a	NonTarget	1	604952
2421.256	n/a	NonTarget	1	605314
2422.704	n/a	NonTarget	1	605676
2424.152	n/a	NonTarget	1	606038
2425.6	n/a	NonTarget	1	606400
2427.048	n/a	NonTarget	1	606762
2428.496	n/a	NonTarget	1	607124
2429.944	n/a	Target	2	607486
2431.392	n/a	NonTarget	1	607848
2432.84	n/a	NonTarget	1	608210
2434.288	n/a	NonTarget	1	608572
2435.736	n/a	NonTarget	1	608934
2437.184	n/a	NonTarget	1	609296
2438.632	n/a	NonTarget	1	609658
2440.08	n/a	NonTarget	1	610020
2441.528	n/a	Target	2	610382
2442.976	n/a	NonTarget	1	610744
2444.424	n/a	NonTarget	1	611106
2445.872	n/a	NonTarget	1	611468
2447.32	n/a	NonTarget	1	611830
2448.768	n/a	NonTarget	1	612192
2450.216	n/a	Target	2	612554
2451.664	n/a	NonTarget	1	612916
2453.112	n/a	NonTarget	1	613278
2454.56	n/a	NonTarget	1	613640
2456.008	n/a	NonTarget	1	614002
2457.456	n/a	NonTarget	1	614364
2458.904	n/a	NonTarget	1	614726
2460.352	n/a	NonTarget	1	615088
2461.8	n/a	Target	2	615450
2463.248	n/a	NonTarget	1	615812
2464.696	n/a	NonTarget	1	616174
2466.144	n/a	NonTarget	1	616536
2467.592	n/a	NonTarget	1	616898
2469.04	n/a	NonTarget	1	617260
2470.488	n/a	NonTarget	1	617622
2471.936	n/a	NonTarget	1	617984
2473.384	n/a	NonTarget	1	618346
2474.832	n/a	NonTarget	1	618708
2476.28	n/a	Target	2	619070
2477.728	n/a	NonTarget	1	619432
2479.176	n/a	NonTarget	1	619794
2480.624	n/a	Target	2	620156
2482.072	n/a	NonTarget	1	620518
2483.52	n/a	NonTarget	1	620880
2484.968	n/a	NonTarget	1	621242
2486.416	n/a	NonTarget	1	621604
2487.864	n/a	NonTarget	1	621966
2489.312	n/a	NonTarget	1	622328
2490.76	n/a	NonTarget	1	622690
2492.208	n/a	NonTarget	1	623052
2493.656	n/a	NonTarget	1	623414
2495.104	n/a	NonTarget	1	623776
2496.552	n/a	Target	2	624138
2498.0	n/a	NonTarget	1	624500
2499.448	n/a	NonTarget	1	624862
2500.896	n/a	NonTarget	1	625224
2502.344	n/a	NonTarget	1	625586
2503.792	n/a	Target	2	625948
2505.24	n/a	NonTarget	1	626310
2506.688	n/a	NonTarget	1	626672
2508.136	n/a	NonTarget	1	627034
2509.584	n/a	NonTarget	1	627396
2511.032	n/a	NonTarget	1	627758
2512.48	n/a	NonTarget	1	628120
2513.928	n/a	NonTarget	1	628482
2515.376	n/a	NonTarget	1	628844
2516.824	n/a	NonTarget	1	629206
2518.272	n/a	NonTarget	1	629568
2519.72	n/a	NonTarget	1	629930
2521.168	n/a	Target	2	630292
2522.616	n/a	NonTarget	1	630654
2524.064	n/a	NonTarget	1	631016
2525.512	n/a	NonTarget	1	631378
2526.96	n/a	NonTarget	1	631740
2528.408	n/a	NonTarget	1	632102
2529.856	n/a	NonTarget	1	632464
2531.304	n/a	NonTarget	1	632826
2532.752	n/a	Target	2	633188
2534.2	n/a	NonTarget	1	633550
2535.648	n/a	NonTarget	1	633912
2537.096	n/a	NonTarget	1	634274
2538.544	n/a	Target	2	634636
2539.992	n/a	NonTarget	1	634998
2541.44	n/a	NonTarget	1	635360
2542.888	n/a	NonTarget	1	635722
2544.336	n/a	NonTarget	1	636084
2545.784	n/a	NonTarget	1	636446
2547.232	n/a	NonTarget	1	636808
2548.68	n/a	NonTarget	1	637170
2550.128	n/a	NonTarget	1	637532
2551.576	n/a	Target	2	637894
2553.024	n/a	NonTarget	1	638256
2554.472	n/a	NonTarget	1	638618
2555.92	n/a	NonTarget	1	638980
2557.368	n/a	NonTarget	1	639342
2558.816	n/a	NonTarget	1	639704
2560.264	n/a	NonTarget	1	640066
2561.712	n/a	NonTarget	1	640428
2563.16	n/a	Target	2	640790
2564.608	n/a	NonTarget	1	641152
2566.056	n/a	NonTarget	1	641514
2567.504	n/a	NonTarget	1	641876
2568.952	n/a	NonTarget	1	642238
2570.4	n/a	NonTarget	1	642600
2571.848	n/a	NonTarget	1	642962
2573.296	n/a	Target	2	643324
2574.744	n/a	NonTarget	1	643686
2576.192	n/a	NonTarget	1	644048
2577.64	n/a	NonTarget	1	644410
2579.088	n/a	NonTarget	1	644772
2580.536	n/a	NonTarget	1	645134
2581.984	n/a	NonTarget	1	645496
2583.432	n/a	NonTarget	1	645858
2584.88	n/a	NonTarget	1	646220
2586.328	n/a	Target	2	646582
2587.776	n/a	NonTarget	1	646944
2589.224	n/a	NonTarget	1	647306
2590.672	n/a	NonTarget	1	647668
2592.12	n/a	NonTarget	1	648030
2593.568	n/a	NonTarget	1	648392
2595.016	n/a	NonTarget	1	648754
2596.464	n/a	NonTarget	1	649116
2597.912	n/a	NonTarget	1	649478
2599.36	n/a	NonTarget	1	649840
2600.808	n/a	NonTarget	1	650202
2602.256	n/a	NonTarget	1	650564
2603.704	n/a	Target	2	650926
2605.152	n/a	NonTarget	1	651288
2606.6	n/a	NonTarget	1	651650
2608.048	n/a	NonTarget	1	652012
2609.496	n/a	NonTarget	1	652374
2610.944	n/a	NonTarget	1	652736
2612.392	n/a	Target	2	653098
2613.84	n/a	NonTarget	1	653460
2615.288	n/a	NonTarget	1	653822
2616.736	n/a	NonTarget	1	654184
2618.184	n/a	NonTarget	1	654546
2619.632	n/a	NonTarget	1	654908
2621.08	n/a	Target	2	655270
2622.528	n/a	NonTarget	1	655632
2623.976	n/a	NonTarget	1	655994
2625.424	n/a	NonTarget	1	656356
2626.872	n/a	NonTarget	1	656718
2628.32	n/a	NonTarget	1	657080
2629.768	n/a	Target	2	657442
2631.216	n/a	NonTarget	1	657804
2632.664	n/a	NonTarget	1	658166
2634.112	n/a	NonTarget	1	658528
2635.56	n/a	NonTarget	1	658890
2637.008	n/a	NonTarget	1	659252
2638.456	n/a	NonTarget	1	659614
2639.904	n/a	NonTarget	1	659976
2641.352	n/a	NonTarget	1	660338
2642.8	n/a	NonTarget	1	660700
2644.248	n/a	NonTarget	1	661062
2645.696	n/a	NonTarget	1	661424
2647.144	n/a	Target	2	661786
2648.592	n/a	NonTarget	1	662148
2650.04	n/a	NonTarget	1	662510
2651.488	n/a	NonTarget	1	662872
2652.936	n/a	NonTarget	1	663234
2654.384	n/a	NonTarget	1	663596
2655.832	n/a	NonTarget	1	663958
2657.28	n/a	Target	2	664320
2658.728	n/a	NonTarget	1	664682
2660.176	n/a	NonTarget	1	665044
2661.624	n/a	NonTarget	1	665406
2663.072	n/a	NonTarget	1	665768
2664.52	n/a	NonTarget	1	666130
2665.968	n/a	NonTarget	1	666492
2667.416	n/a	NonTarget	1	666854
2668.864	n/a	NonTarget	1	667216
2670.312	n/a	NonTarget	1	667578
2671.76	n/a	Target	2	667940
2673.208	n/a	NonTarget	1	668302
2674.656	n/a	NonTarget	1	668664
2676.104	n/a	NonTarget	1	669026
2677.552	n/a	NonTarget	1	669388
2679.0	n/a	Target	2	669750
2680.448	n/a	NonTarget	1	670112
2681.896	n/a	NonTarget	1	670474
2683.344	n/a	NonTarget	1	670836
2684.792	n/a	NonTarget	1	671198
2686.24	n/a	NonTarget	1	671560
2687.688	n/a	NonTarget	1	671922
2689.136	n/a	NonTarget	1	672284
2690.584	n/a	Target	2	672646
2692.032	n/a	NonTarget	1	673008
2693.48	n/a	NonTarget	1	673370
2694.928	n/a	NonTarget	1	673732
2696.376	n/a	NonTarget	1	674094
2697.824	n/a	NonTarget	1	674456
2699.272	n/a	NonTarget	1	674818
2700.72	n/a	NonTarget	1	675180
2702.168	n/a	NonTarget	1	675542
2703.616	n/a	NonTarget	1	675904
2705.064	n/a	Target	2	676266
2706.512	n/a	NonTarget	1	676628
2707.96	n/a	NonTarget	1	676990
2709.408	n/a	NonTarget	1	677352
2710.856	n/a	NonTarget	1	677714
2712.304	n/a	NonTarget	1	678076
2713.752	n/a	NonTarget	1	678438
2715.2	n/a	NonTarget	1	678800
2716.648	n/a	NonTarget	1	679162
2718.096	n/a	Target	2	679524
2719.544	n/a	NonTarget	1	679886
2720.992	n/a	NonTarget	1	680248
2722.44	n/a	NonTarget	1	680610
2723.888	n/a	NonTarget	1	680972
2725.336	n/a	NonTarget	1	681334
2726.784	n/a	Target	2	681696
2728.232	n/a	NonTarget	1	682058
2729.68	n/a	NonTarget	1	682420
2731.128	n/a	NonTarget	1	682782
2732.576	n/a	NonTarget	1	683144
2734.024	n/a	NonTarget	1	683506
2735.472	n/a	NonTarget	1	683868
2736.92	n/a	NonTarget	1	684230
2738.368	n/a	NonTarget	1	684592
2739.816	n/a	NonTarget	1	684954
2741.264	n/a	NonTarget	1	685316
2742.712	n/a	Target	2	685678
2744.16	n/a	NonTarget	1	686040
2745.608	n/a	NonTarget	1	686402
2747.056	n/a	NonTarget	1	686764
2748.504	n/a	NonTarget	1	687126
2749.952	n/a	NonTarget	1	687488
2751.4	n/a	NonTarget	1	687850
2752.848	n/a	Target	2	688212
2754.296	n/a	NonTarget	1	688574
2755.744	n/a	NonTarget	1	688936
2757.192	n/a	NonTarget	1	689298
2758.64	n/a	NonTarget	1	689660
2760.088	n/a	NonTarget	1	690022
2761.536	n/a	NonTarget	1	690384
2762.984	n/a	NonTarget	1	690746
2764.432	n/a	NonTarget	1	691108
2765.88	n/a	Target	2	691470
2767.328	n/a	NonTarget	1	691832
2768.776	n/a	NonTarget	1	692194
2770.224	n/a	NonTarget	1	692556
2771.672	n/a	NonTarget	1	692918
2773.12	n/a	NonTarget	1	693280
2774.568	n/a	NonTarget	1	693642
2776.016	n/a	NonTarget	1	694004
2777.464	n/a	NonTarget	1	694366
2778.912	n/a	Target	2	694728
2780.36	n/a	NonTarget	1	695090
2781.808	n/a	NonTarget	1	695452
2783.256	n/a	NonTarget	1	695814
2784.704	n/a	NonTarget	1	696176
2786.152	n/a	NonTarget	1	696538
2787.6	n/a	NonTarget	1	696900
2789.048	n/a	NonTarget	1	697262
2790.496	n/a	Target	2	697624
2791.944	n/a	NonTarget	1	697986
2793.392	n/a	NonTarget	1	698348
2794.84	n/a	Target	2	698710
2796.288	n/a	NonTarget	1	699072
2797.736	n/a	NonTarget	1	699434
2799.184	n/a	NonTarget	1	699796
2800.632	n/a	NonTarget	1	700158
2802.08	n/a	NonTarget	1	700520
2803.528	n/a	NonTarget	1	700882
2804.976	n/a	NonTarget	1	701244
2806.424	n/a	NonTarget	1	701606
2807.872	n/a	NonTarget	1	701968
2809.32	n/a	NonTarget	1	702330
2810.768	n/a	NonTarget	1	702692
2812.216	n/a	Target	2	703054
2813.664	n/a	NonTarget	1	703416
2815.112	n/a	NonTarget	1	703778
2816.56	n/a	NonTarget	1	704140
2818.008	n/a	Target	2	704502
2819.456	n/a	NonTarget	1	704864
2820.904	n/a	NonTarget	1	705226
2822.352	n/a	NonTarget	1	705588
2823.8	n/a	NonTarget	1	705950
2825.248	n/a	NonTarget	1	706312
2826.696	n/a	NonTarget	1	706674
2828.144	n/a	NonTarget	1	707036
2829.592	n/a	NonTarget	1	707398
2831.04	n/a	NonTarget	1	707760
2832.488	n/a	Target	2	708122
2833.936	n/a	NonTarget	1	708484
2835.384	n/a	NonTarget	1	708846
2836.832	n/a	NonTarget	1	709208
2838.28	n/a	NonTarget	1	709570
2839.728	n/a	NonTarget	1	709932
2841.176	n/a	NonTarget	1	710294
2842.624	n/a	Target	2	710656
2844.072	n/a	NonTarget	1	711018
2845.52	n/a	NonTarget	1	711380
2846.968	n/a	NonTarget	1	711742
2848.416	n/a	NonTarget	1	712104
2849.864	n/a	NonTarget	1	712466
2851.312	n/a	Target	2	712828
2852.76	n/a	NonTarget	1	713190
2854.208	n/a	NonTarget	1	713552
2855.656	n/a	NonTarget	1	713914
2857.104	n/a	NonTarget	1	714276
2858.552	n/a	NonTarget	1	714638
2860.0	n/a	NonTarget	1	715000
2861.448	n/a	NonTarget	1	715362
2862.896	n/a	NonTarget	1	715724
2864.344	n/a	Target	2	716086
2865.792	n/a	NonTarget	1	716448
2867.24	n/a	NonTarget	1	716810
2868.688	n/a	NonTarget	1	717172
2870.136	n/a	NonTarget	1	717534
2871.584	n/a	NonTarget	1	717896
2873.032	n/a	Target	2	718258
2874.48	n/a	NonTarget	1	718620
2875.928	n/a	NonTarget	1	718982
2877.376	n/a	NonTarget	1	719344
2878.824	n/a	NonTarget	1	719706
2880.272	n/a	NonTarget	1	720068
2881.72	n/a	NonTarget	1	720430
2883.168	n/a	NonTarget	1	720792
2884.616	n/a	NonTarget	1	721154
2886.064	n/a	NonTarget	1	721516
2887.512	n/a	NonTarget	1	721878
2888.96	n/a	NonTarget	1	722240
2890.408	n/a	Target	2	722602
2891.856	n/a	NonTarget	1	722964
2893.304	n/a	NonTarget	1	723326
2894.752	n/a	NonTarget	1	723688
2896.2	n/a	NonTarget	1	724050
2897.648	n/a	NonTarget	1	724412
2899.096	n/a	NonTarget	1	724774
2900.544	n/a	NonTarget	1	725136
2901.992	n/a	NonTarget	1	725498
2903.44	n/a	NonTarget	1	725860
2904.888	n/a	Target	2	726222
2906.336	n/a	NonTarget	1	726584
2907.784	n/a	Target	2	726946
2909.232	n/a	NonTarget	1	727308
2910.68	n/a	NonTarget	1	727670
2912.128	n/a	NonTarget	1	728032
2913.576	n/a	NonTarget	1	728394
2915.024	n/a	NonTarget	1	728756
2916.472	n/a	NonTarget	1	729118
2917.92	n/a	NonTarget	1	729480
2919.368	n/a	NonTarget	1	729842
2920.816	n/a	NonTarget	1	730204
2922.264	n/a	NonTarget	1	730566
2923.712	n/a	NonTarget	1	730928
2925.16	n/a	Target	2	731290
2926.608	n/a	NonTarget	1	731652
2928.056	n/a	NonTarget	1	732014
2929.504	n/a	NonTarget	1	732376
2930.952	n/a	NonTarget	1	732738
2932.4	n/a	NonTarget	1	733100
2933.848	n/a	NonTarget	1	733462
2935.296	n/a	NonTarget	1	733824
2936.744	n/a	NonTarget	1	734186
2938.192	n/a	NonTarget	1	734548
2939.64	n/a	NonTarget	1	734910
2941.088	n/a	Target	2	735272
2942.536	n/a	NonTarget	1	735634
2943.984	n/a	Target	2	735996
2945.432	n/a	NonTarget	1	736358
2946.88	n/a	NonTarget	1	736720
2948.328	n/a	NonTarget	1	737082
2949.776	n/a	NonTarget	1	737444
2951.224	n/a	NonTarget	1	737806
2952.672	n/a	NonTarget	1	738168
2954.12	n/a	NonTarget	1	738530
2955.568	n/a	Target	2	738892
2957.016	n/a	NonTarget	1	739254
2958.464	n/a	NonTarget	1	739616
2959.912	n/a	NonTarget	1	739978
2961.36	n/a	NonTarget	1	740340
2962.808	n/a	NonTarget	1	740702
2964.256	n/a	NonTarget	1	741064
2965.704	n/a	NonTarget	1	741426
2967.152	n/a	NonTarget	1	741788
2968.6	n/a	NonTarget	1	742150
2970.048	n/a	NonTarget	1	742512
2971.496	n/a	Target	2	742874
2972.944	n/a	NonTarget	1	743236
2974.392	n/a	NonTarget	1	743598
2975.84	n/a	NonTarget	1	743960
2977.288	n/a	NonTarget	1	744322
2978.736	n/a	NonTarget	1	744684
2980.184	n/a	NonTarget	1	745046
2981.632	n/a	NonTarget	1	745408
2983.08	n/a	NonTarget	1	745770
2984.528	n/a	NonTarget	1	746132
2985.976	n/a	NonTarget	1	746494
2987.424	n/a	Target	2	746856
2988.872	n/a	NonTarget	1	747218
2990.32	n/a	Target	2	747580
2991.768	n/a	NonTarget	1	747942
2993.216	n/a	NonTarget	1	748304
2994.664	n/a	NonTarget	1	748666
2996.112	n/a	NonTarget	1	749028
2997.56	n/a	NonTarget	1	749390
2999.008	n/a	NonTarget	1	749752
3000.456	n/a	NonTarget	1	750114
3001.904	n/a	NonTarget	1	750476
3003.352	n/a	NonTarget	1	750838
3004.8	n/a	NonTarget	1	751200
3006.248	n/a	NonTarget	1	751562
3007.696	n/a	Target	2	751924
3009.144	n/a	NonTarget	1	752286
3010.592	n/a	NonTarget	1	752648
3012.04	n/a	NonTarget	1	753010
3013.488	n/a	NonTarget	1	753372
3014.936	n/a	NonTarget	1	753734
3016.384	n/a	NonTarget	1	754096
3017.832	n/a	NonTarget	1	754458
3019.28	n/a	Target	2	754820
3020.728	n/a	NonTarget	1	755182
3022.176	n/a	NonTarget	1	755544
3023.624	n/a	Target	2	755906
3025.072	n/a	NonTarget	1	756268
3026.52	n/a	NonTarget	1	756630
3027.968	n/a	NonTarget	1	756992
3029.416	n/a	NonTarget	1	757354
3030.864	n/a	NonTarget	1	757716
3032.312	n/a	NonTarget	1	758078
3033.76	n/a	NonTarget	1	758440
3035.208	n/a	NonTarget	1	758802
3036.656	n/a	NonTarget	1	759164
3038.104	n/a	NonTarget	1	759526
3039.552	n/a	NonTarget	1	759888
3041.0	n/a	NonTarget	1	760250
3042.448	n/a	NonTarget	1	760612
3043.896	n/a	NonTarget	1	760974
3045.344	n/a	Target	2	761336
3046.792	n/a	NonTarget	1	761698
3048.24	n/a	NonTarget	1	762060
3049.688	n/a	NonTarget	1	762422
3051.136	n/a	Target	2	762784
3052.584	n/a	NonTarget	1	763146
3054.032	n/a	NonTarget	1	763508
3055.48	n/a	NonTarget	1	763870
3056.928	n/a	NonTarget	1	764232
3058.376	n/a	NonTarget	1	764594
3059.824	n/a	Target	2	764956
3061.272	n/a	NonTarget	1	765318
3062.72	n/a	NonTarget	1	765680
3064.168	n/a	NonTarget	1	766042
3065.616	n/a	NonTarget	1	766404
3067.064	n/a	NonTarget	1	766766
3068.512	n/a	NonTarget	1	767128
3069.96	n/a	NonTarget	1	767490
3071.408	n/a	NonTarget	1	767852
3072.856	n/a	NonTarget	1	768214
3074.304	n/a	NonTarget	1	768576
3075.752	n/a	NonTarget	1	768938
3077.2	n/a	Target	2	769300
3078.648	n/a	NonTarget	1	769662
3080.096	n/a	NonTarget	1	770024
3081.544	n/a	NonTarget	1	770386
3082.992	n/a	NonTarget	1	770748
3084.44	n/a	NonTarget	1	771110
3085.888	n/a	NonTarget	1	771472
3087.336	n/a	Target	2	771834
3088.784	n/a	NonTarget	1	772196
3090.232	n/a	NonTarget	1	772558
3091.68	n/a	NonTarget	1	772920
3093.128	n/a	NonTarget	1	773282
3094.576	n/a	NonTarget	1	773644
3096.024	n/a	NonTarget	1	774006
3097.472	n/a	NonTarget	1	774368
3098.92	n/a	Target	2	774730
3100.368	n/a	NonTarget	1	775092
3101.816	n/a	NonTarget	1	775454
3103.264	n/a	NonTarget	1	775816
3104.712	n/a	NonTarget	1	776178
3106.16	n/a	NonTarget	1	776540
3107.608	n/a	NonTarget	1	776902
3109.056	n/a	NonTarget	1	777264
3110.504	n/a	NonTarget	1	777626
3111.952	n/a	NonTarget	1	777988
3113.4	n/a	Target	2	778350
3114.848	n/a	NonTarget	1	778712
3116.296	n/a	NonTarget	1	779074
3117.744	n/a	NonTarget	1	779436
3119.192	n/a	NonTarget	1	779798
3120.64	n/a	NonTarget	1	780160
3122.088	n/a	NonTarget	1	780522
3123.536	n/a	NonTarget	1	780884
3124.984	n/a	Target	2	781246
3126.432	n/a	NonTarget	1	781608
3127.88	n/a	NonTarget	1	781970
3129.328	n/a	NonTarget	1	782332
3130.776	n/a	Target	2	782694
3132.224	n/a	NonTarget	1	783056
3133.672	n/a	NonTarget	1	783418
3135.12	n/a	NonTarget	1	783780
3136.568	n/a	NonTarget	1	784142
3138.016	n/a	NonTarget	1	784504
3139.464	n/a	NonTarget	1	784866
3140.912	n/a	NonTarget	1	785228
3142.36	n/a	NonTarget	1	785590
3143.808	n/a	NonTarget	1	785952
3145.256	n/a	NonTarget	1	786314
3146.704	n/a	NonTarget	1	786676
3148.152	n/a	NonTarget	1	787038
3149.6	n/a	Target	2	787400
3151.048	n/a	NonTarget	1	787762
3152.496	n/a	NonTarget	1	788124
3153.944	n/a	NonTarget	1	788486
3155.392	n/a	NonTarget	1	788848
3156.84	n/a	NonTarget	1	789210
3158.288	n/a	NonTarget	1	789572
3159.736	n/a	NonTarget	1	789934
3161.184	n/a	Target	2	790296
3162.632	n/a	NonTarget	1	790658
3164.08	n/a	NonTarget	1	791020
3165.528	n/a	NonTarget	1	791382
3166.976	n/a	NonTarget	1	791744
3168.424	n/a	NonTarget	1	792106
3169.872	n/a	NonTarget	1	792468
3171.32	n/a	NonTarget	1	792830
3172.768	n/a	Target	2	793192
3174.216	n/a	NonTarget	1	793554
3175.664	n/a	NonTarget	1	793916
3177.112	n/a	NonTarget	1	794278
3178.56	n/a	NonTarget	1	794640
3180.008	n/a	NonTarget	1	795002
3181.456	n/a	NonTarget	1	795364
3182.904	n/a	NonTarget	1	795726
3184.352	n/a	Target	2	796088
3185.8	n/a	NonTarget	1	796450
3187.248	n/a	NonTarget	1	796812
3188.696	n/a	Target	2	797174
3190.144	n/a	NonTarget	1	797536
3191.592	n/a	NonTarget	1	797898
3193.04	n/a	NonTarget	1	798260
3194.488	n/a	NonTarget	1	798622
3195.936	n/a	NonTarget	1	798984
3197.384	n/a	Target	2	799346
3198.832	n/a	NonTarget	1	799708
3200.28	n/a	NonTarget	1	800070
3201.728	n/a	NonTarget	1	800432
3203.176	n/a	NonTarget	1	800794
3204.624	n/a	NonTarget	1	801156
3206.072	n/a	NonTarget	1	801518
3207.52	n/a	NonTarget	1	801880
3208.968	n/a	NonTarget	1	802242
3210.416	n/a	NonTarget	1	802604
3211.864	n/a	NonTarget	1	802966
3213.312	n/a	NonTarget	1	803328
3214.76	n/a	NonTarget	1	803690
3216.208	n/a	NonTarget	1	804052
3217.656	n/a	NonTarget	1	804414
3219.104	n/a	Target	2	804776
3220.552	n/a	NonTarget	1	805138
3222.0	n/a	NonTarget	1	805500
3223.448	n/a	NonTarget	1	805862
3224.896	n/a	Target	2	806224
3226.344	n/a	NonTarget	1	806586
3227.792	n/a	NonTarget	1	806948
3229.24	n/a	NonTarget	1	807310
3230.688	n/a	NonTarget	1	807672
3232.136	n/a	NonTarget	1	808034
3233.584	n/a	NonTarget	1	808396
3235.032	n/a	Target	2	808758
3236.48	n/a	NonTarget	1	809120
3237.928	n/a	NonTarget	1	809482
3239.376	n/a	NonTarget	1	809844
3240.824	n/a	NonTarget	1	810206
3242.272	n/a	NonTarget	1	810568
3243.72	n/a	NonTarget	1	810930
3245.168	n/a	NonTarget	1	811292
3246.616	n/a	Target	2	811654
3248.064	n/a	NonTarget	1	812016
3249.512	n/a	NonTarget	1	812378
3250.96	n/a	NonTarget	1	812740
3252.408	n/a	NonTarget	1	813102
3253.856	n/a	NonTarget	1	813464
3255.304	n/a	NonTarget	1	813826
3256.752	n/a	NonTarget	1	814188
3258.2	n/a	NonTarget	1	814550
3259.648	n/a	NonTarget	1	814912
3261.096	n/a	NonTarget	1	815274
3262.544	n/a	NonTarget	1	815636
3263.992	n/a	Target	2	815998
3265.44	n/a	NonTarget	1	816360
3266.888	n/a	NonTarget	1	816722
3268.336	n/a	NonTarget	1	817084
3269.784	n/a	NonTarget	1	817446
3271.232	n/a	NonTarget	1	817808
3272.68	n/a	NonTarget	1	818170
3274.128	n/a	Target	2	818532
3275.576	n/a	NonTarget	1	818894
3277.024	n/a	NonTarget	1	819256
3278.472	n/a	NonTarget	1	819618
3279.92	n/a	NonTarget	1	819980
3281.368	n/a	NonTarget	1	820342
3282.816	n/a	NonTarget	1	820704
3284.264	n/a	NonTarget	1	821066
3285.712	n/a	NonTarget	1	821428
3287.16	n/a	Target	2	821790
3288.608	n/a	NonTarget	1	822152
3290.056	n/a	NonTarget	1	822514
3291.504	n/a	NonTarget	1	822876
3292.952	n/a	NonTarget	1	823238
3294.4	n/a	NonTarget	1	823600
3295.848	n/a	NonTarget	1	823962
3297.296	n/a	NonTarget	1	824324
3298.744	n/a	Target	2	824686
3300.192	n/a	NonTarget	1	825048
3301.64	n/a	NonTarget	1	825410
3303.088	n/a	NonTarget	1	825772
3304.536	n/a	NonTarget	1	826134
3305.984	n/a	NonTarget	1	826496
3307.432	n/a	NonTarget	1	826858
3308.88	n/a	Target	2	827220
3310.328	n/a	NonTarget	1	827582
3311.776	n/a	NonTarget	1	827944
3313.224	n/a	NonTarget	1	828306
3314.672	n/a	NonTarget	1	828668
3316.12	n/a	NonTarget	1	829030
3317.568	n/a	NonTarget	1	829392
3319.016	n/a	NonTarget	1	829754
3320.464	n/a	NonTarget	1	830116
3321.912	n/a	NonTarget	1	830478
3323.36	n/a	Target	2	830840
3324.808	n/a	NonTarget	1	831202
3326.256	n/a	NonTarget	1	831564
3327.704	n/a	Target	2	831926
3329.152	n/a	NonTarget	1	832288
3330.6	n/a	NonTarget	1	832650
3332.048	n/a	NonTarget	1	833012
3333.496	n/a	NonTarget	1	833374
3334.944	n/a	NonTarget	1	833736
3336.392	n/a	NonTarget	1	834098
3337.84	n/a	NonTarget	1	834460
3339.288	n/a	NonTarget	1	834822
3340.736	n/a	NonTarget	1	835184
3342.184	n/a	NonTarget	1	835546
3343.632	n/a	NonTarget	1	835908
3345.08	n/a	NonTarget	1	836270
3346.528	n/a	Target	2	836632
3347.976	n/a	NonTarget	1	836994
3349.424	n/a	Target	2	837356
3350.872	n/a	NonTarget	1	837718
3352.32	n/a	NonTarget	1	838080
3353.768	n/a	NonTarget	1	838442
3355.216	n/a	NonTarget	1	838804
3356.664	n/a	NonTarget	1	839166
3358.112	n/a	NonTarget	1	839528
3359.56	n/a	Target	2	839890
3361.008	n/a	NonTarget	1	840252
3362.456	n/a	NonTarget	1	840614
3363.904	n/a	NonTarget	1	840976
3365.352	n/a	NonTarget	1	841338
3366.8	n/a	NonTarget	1	841700
3368.248	n/a	NonTarget	1	842062
3369.696	n/a	NonTarget	1	842424
3371.144	n/a	NonTarget	1	842786
3372.592	n/a	NonTarget	1	843148
3374.04	n/a	NonTarget	1	843510
3375.488	n/a	Target	2	843872
3376.936	n/a	NonTarget	1	844234
3378.384	n/a	NonTarget	1	844596
3379.832	n/a	NonTarget	1	844958
3381.28	n/a	NonTarget	1	845320
3382.728	n/a	NonTarget	1	845682
3384.176	n/a	NonTarget	1	846044
3385.624	n/a	NonTarget	1	846406
3387.072	n/a	Target	2	846768
3388.52	n/a	NonTarget	1	847130
3389.968	n/a	NonTarget	1	847492
3391.416	n/a	NonTarget	1	847854
3392.864	n/a	NonTarget	1	848216
3394.312	n/a	NonTarget	1	848578
3395.76	n/a	NonTarget	1	848940
3397.208	n/a	NonTarget	1	849302
3398.656	n/a	NonTarget	1	849664
3400.104	n/a	NonTarget	1	850026
3401.552	n/a	Target	2	850388
3403.0	n/a	NonTarget	1	850750
3404.448	n/a	NonTarget	1	851112
3405.896	n/a	NonTarget	1	851474
3407.344	n/a	NonTarget	1	851836
3408.792	n/a	NonTarget	1	852198
3410.24	n/a	Target	2	852560
3411.688	n/a	NonTarget	1	852922
3413.136	n/a	NonTarget	1	853284
3414.584	n/a	NonTarget	1	853646
3416.032	n/a	NonTarget	1	854008
3417.48	n/a	NonTarget	1	854370
3418.928	n/a	NonTarget	1	854732
3420.376	n/a	Target	2	855094
3421.824	n/a	NonTarget	1	855456
3423.272	n/a	NonTarget	1	855818
3424.72	n/a	NonTarget	1	856180
3426.168	n/a	NonTarget	1	856542
3427.616	n/a	NonTarget	1	856904
3429.064	n/a	NonTarget	1	857266
3430.512	n/a	NonTarget	1	857628
3431.96	n/a	NonTarget	1	857990
3433.408	n/a	NonTarget	1	858352
3434.856	n/a	NonTarget	1	858714
3436.304	n/a	Target	2	859076
3437.752	n/a	NonTarget	1	859438
3439.2	n/a	NonTarget	1	859800
3440.648	n/a	Target	2	860162
3442.096	n/a	NonTarget	1	860524
3443.544	n/a	NonTarget	1	860886
3444.992	n/a	NonTarget	1	861248
3446.44	n/a	NonTarget	1	861610
3447.888	n/a	NonTarget	1	861972
3449.336	n/a	NonTarget	1	862334
3450.784	n/a	NonTarget	1	862696
3452.232	n/a	NonTarget	1	863058
3453.68	n/a	NonTarget	1	863420
3455.128	n/a	NonTarget	1	863782
3456.576	n/a	NonTarget	1	864144
3458.024	n/a	NonTarget	1	864506
3459.472	n/a	Target	2	864868
3460.92	n/a	NonTarget	1	865230
3462.368	n/a	NonTarget	1	865592
3463.816	n/a	NonTarget	1	865954
3465.264	n/a	NonTarget	1	866316
3466.712	n/a	NonTarget	1	866678
3468.16	n/a	NonTarget	1	867040
3469.608	n/a	NonTarget	1	867402
3471.056	n/a	NonTarget	1	867764
3472.504	n/a	Target	2	868126
3473.952	n/a	NonTarget	1	868488
3475.4	n/a	NonTarget	1	868850
3476.848	n/a	NonTarget	1	869212
3478.296	n/a	NonTarget	1	869574
3479.744	n/a	NonTarget	1	869936
3481.192	n/a	NonTarget	1	870298
3482.64	n/a	NonTarget	1	870660
3484.088	n/a	NonTarget	1	871022
3485.536	n/a	Target	2	871384
3486.984	n/a	NonTarget	1	871746
3488.432	n/a	NonTarget	1	872108
3489.88	n/a	Target	2	872470
3491.328	n/a	NonTarget	1	872832
3492.776	n/a	NonTarget	1	873194
3494.224	n/a	NonTarget	1	873556
3495.672	n/a	NonTarget	1	873918
3497.12	n/a	NonTarget	1	874280
3498.568	n/a	Target	2	874642
3500.016	n/a	NonTarget	1	875004
3501.464	n/a	NonTarget	1	875366
3502.912	n/a	NonTarget	1	875728
3504.36	n/a	NonTarget	1	876090
3505.808	n/a	NonTarget	1	876452
3507.256	n/a	NonTarget	1	876814
3508.704	n/a	NonTarget	1	877176
3510.152	n/a	NonTarget	1	877538
3511.6	n/a	NonTarget	1	877900
3513.048	n/a	NonTarget	1	878262
3514.496	n/a	NonTarget	1	878624
3515.944	n/a	NonTarget	1	878986
3517.392	n/a	NonTarget	1	879348
3518.84	n/a	Target	2	879710
3520.288	n/a	NonTarget	1	880072
3521.736	n/a	NonTarget	1	880434
3523.184	n/a	Target	2	880796
3524.632	n/a	NonTarget	1	881158
3526.08	n/a	NonTarget	1	881520
3527.528	n/a	NonTarget	1	881882
3528.976	n/a	NonTarget	1	882244
3530.424	n/a	NonTarget	1	882606
3531.872	n/a	NonTarget	1	882968
3533.32	n/a	NonTarget	1	883330
3534.768	n/a	NonTarget	1	883692
3536.216	n/a	NonTarget	1	884054
3537.664	n/a	NonTarget	1	884416
3539.112	n/a	NonTarget	1	884778
3540.56	n/a	Target	2	885140
3542.008	n/a	NonTarget	1	885502
3543.456	n/a	NonTarget	1	885864
3544.904	n/a	NonTarget	1	886226
3546.352	n/a	NonTarget	1	886588
3547.8	n/a	NonTarget	1	886950
3549.248	n/a	NonTarget	1	887312
3550.696	n/a	NonTarget	1	887674
3552.144	n/a	NonTarget	1	888036
3553.592	n/a	Target	2	888398
3555.04	n/a	NonTarget	1	888760
3556.488	n/a	Target	2	889122
3557.936	n/a	NonTarget	1	889484
3559.384	n/a	NonTarget	1	889846
3560.832	n/a	NonTarget	1	890208
3562.28	n/a	NonTarget	1	890570
3563.728	n/a	NonTarget	1	890932
3565.176	n/a	NonTarget	1	891294
3566.624	n/a	NonTarget	1	891656
3568.072	n/a	NonTarget	1	892018
3569.52	n/a	NonTarget	1	892380
3570.968	n/a	NonTarget	1	892742
3572.416	n/a	Target	2	893104
3573.864	n/a	NonTarget	1	893466
3575.312	n/a	NonTarget	1	893828
3576.76	n/a	NonTarget	1	894190
3578.208	n/a	NonTarget	1	894552
3579.656	n/a	Target	2	894914
3581.104	n/a	NonTarget	1	895276
3582.552	n/a	NonTarget	1	895638
3584.0	n/a	NonTarget	1	896000
3585.448	n/a	NonTarget	1	896362
3586.896	n/a	NonTarget	1	896724
3588.344	n/a	NonTarget	1	897086
3589.792	n/a	NonTarget	1	897448
3591.24	n/a	NonTarget	1	897810
3592.688	n/a	Target	2	898172
3594.136	n/a	NonTarget	1	898534
3595.584	n/a	NonTarget	1	898896
3597.032	n/a	NonTarget	1	899258
3598.48	n/a	NonTarget	1	899620
3599.928	n/a	NonTarget	1	899982
3601.376	n/a	NonTarget	1	900344
3602.824	n/a	NonTarget	1	900706
3604.272	n/a	NonTarget	1	901068
3605.72	n/a	Target	2	901430
3607.168	n/a	NonTarget	1	901792
3608.616	n/a	NonTarget	1	902154
3610.064	n/a	NonTarget	1	902516
3611.512	n/a	NonTarget	1	902878
3612.96	n/a	NonTarget	1	903240
3614.408	n/a	NonTarget	1	903602
3615.856	n/a	NonTarget	1	903964
3617.304	n/a	NonTarget	1	904326
3618.752	n/a	NonTarget	1	904688
3620.2	n/a	Target	2	905050
3621.648	n/a	NonTarget	1	905412
3623.096	n/a	NonTarget	1	905774
3624.544	n/a	NonTarget	1	906136
3625.992	n/a	NonTarget	1	906498
3627.44	n/a	NonTarget	1	906860
3628.888	n/a	NonTarget	1	907222
3630.336	n/a	NonTarget	1	907584
3631.784	n/a	NonTarget	1	907946
3633.232	n/a	NonTarget	1	908308
3634.68	n/a	NonTarget	1	908670
3636.128	n/a	Target	2	909032
3637.576	n/a	NonTarget	1	909394
3639.024	n/a	Target	2	909756
3640.472	n/a	NonTarget	1	910118
3641.92	n/a	NonTarget	1	910480
3643.368	n/a	NonTarget	1	910842
3644.816	n/a	NonTarget	1	911204
3646.264	n/a	NonTarget	1	911566
3647.712	n/a	NonTarget	1	911928
3649.16	n/a	Target	2	912290
3650.608	n/a	NonTarget	1	912652
3652.056	n/a	NonTarget	1	913014
3653.504	n/a	NonTarget	1	913376
3654.952	n/a	NonTarget	1	913738
3656.4	n/a	NonTarget	1	914100
3657.848	n/a	NonTarget	1	914462
3659.296	n/a	NonTarget	1	914824
3660.744	n/a	NonTarget	1	915186
3662.192	n/a	Target	2	915548
3663.64	n/a	NonTarget	1	915910
3665.088	n/a	NonTarget	1	916272
3666.536	n/a	NonTarget	1	916634
3667.984	n/a	NonTarget	1	916996
3669.432	n/a	NonTarget	1	917358
3670.88	n/a	NonTarget	1	917720
3672.328	n/a	NonTarget	1	918082
3673.776	n/a	NonTarget	1	918444
3675.224	n/a	NonTarget	1	918806
3676.672	n/a	NonTarget	1	919168
3678.12	n/a	NonTarget	1	919530
3679.568	n/a	Target	2	919892
3681.016	n/a	NonTarget	1	920254
3682.464	n/a	NonTarget	1	920616
3683.912	n/a	NonTarget	1	920978
3685.36	n/a	NonTarget	1	921340
3686.808	n/a	NonTarget	1	921702
3688.256	n/a	Target	2	922064
3689.704	n/a	NonTarget	1	922426
3691.152	n/a	NonTarget	1	922788
3692.6	n/a	NonTarget	1	923150
3694.048	n/a	NonTarget	1	923512
3695.496	n/a	NonTarget	1	923874
3696.944	n/a	NonTarget	1	924236
3698.392	n/a	Target	2	924598
3699.84	n/a	NonTarget	1	924960
3701.288	n/a	NonTarget	1	925322
3702.736	n/a	NonTarget	1	925684
3704.184	n/a	NonTarget	1	926046
3705.632	n/a	NonTarget	1	926408
3707.08	n/a	NonTarget	1	926770
3708.528	n/a	NonTarget	1	927132
3709.976	n/a	NonTarget	1	927494
3711.424	n/a	NonTarget	1	927856
3712.872	n/a	NonTarget	1	928218
3714.32	n/a	NonTarget	1	928580
3715.768	n/a	NonTarget	1	928942
3717.216	n/a	Target	2	929304
3718.664	n/a	NonTarget	1	929666
3720.112	n/a	NonTarget	1	930028
3721.56	n/a	NonTarget	1	930390
3723.008	n/a	NonTarget	1	930752
3724.456	n/a	NonTarget	1	931114
3725.904	n/a	Target	2	931476
3727.352	n/a	NonTarget	1	931838
3728.8	n/a	NonTarget	1	932200
3730.248	n/a	NonTarget	1	932562
3731.696	n/a	NonTarget	1	932924
3733.144	n/a	NonTarget	1	933286
3734.592	n/a	Target	2	933648
3736.04	n/a	NonTarget	1	934010
3737.488	n/a	NonTarget	1	934372
3738.936	n/a	NonTarget	1	934734
3740.384	n/a	NonTarget	1	935096
3741.832	n/a	NonTarget	1	935458
3743.28	n/a	NonTarget	1	935820
3744.728	n/a	NonTarget	1	936182
3746.176	n/a	NonTarget	1	936544
3747.624	n/a	NonTarget	1	936906
3749.072	n/a	NonTarget	1	937268
3750.52	n/a	NonTarget	1	937630
3751.968	n/a	Target	2	937992
3753.416	n/a	NonTarget	1	938354
3754.864	n/a	NonTarget	1	938716
3756.312	n/a	NonTarget	1	939078
3757.76	n/a	NonTarget	1	939440
3759.208	n/a	Target	2	939802
3760.656	n/a	NonTarget	1	940164
3762.104	n/a	NonTarget	1	940526
3763.552	n/a	NonTarget	1	940888
3765.0	n/a	NonTarget	1	941250
3766.448	n/a	NonTarget	1	941612
3767.896	n/a	NonTarget	1	941974
3769.344	n/a	NonTarget	1	942336
3770.792	n/a	NonTarget	1	942698
3772.24	n/a	Target	2	943060
3773.688	n/a	NonTarget	1	943422
3775.136	n/a	NonTarget	1	943784
3776.584	n/a	NonTarget	1	944146
3778.032	n/a	Target	2	944508
3779.48	n/a	NonTarget	1	944870
3780.928	n/a	NonTarget	1	945232
3782.376	n/a	NonTarget	1	945594
3783.824	n/a	NonTarget	1	945956
3785.272	n/a	NonTarget	1	946318
3786.72	n/a	NonTarget	1	946680
3788.168	n/a	Target	2	947042
3789.616	n/a	NonTarget	1	947404
3791.064	n/a	NonTarget	1	947766
3792.512	n/a	NonTarget	1	948128
3793.96	n/a	NonTarget	1	948490
3795.408	n/a	NonTarget	1	948852
3796.856	n/a	NonTarget	1	949214
3798.304	n/a	NonTarget	1	949576
3799.752	n/a	NonTarget	1	949938
3801.2	n/a	NonTarget	1	950300
3802.648	n/a	NonTarget	1	950662
3804.096	n/a	NonTarget	1	951024
3805.544	n/a	NonTarget	1	951386
3806.992	n/a	NonTarget	1	951748
3808.44	n/a	Target	2	952110
3809.888	n/a	NonTarget	1	952472
3811.336	n/a	NonTarget	1	952834
3812.784	n/a	NonTarget	1	953196
3814.232	n/a	NonTarget	1	953558
3815.68	n/a	NonTarget	1	953920
3817.128	n/a	NonTarget	1	954282
3818.576	n/a	Target	2	954644
3820.024	n/a	NonTarget	1	955006
3821.472	n/a	NonTarget	1	955368
3822.92	n/a	NonTarget	1	955730
3824.368	n/a	NonTarget	1	956092
3825.816	n/a	NonTarget	1	956454
3827.264	n/a	NonTarget	1	956816
3828.712	n/a	Target	2	957178
3830.16	n/a	NonTarget	1	957540
3831.608	n/a	NonTarget	1	957902
3833.056	n/a	NonTarget	1	958264
3834.504	n/a	NonTarget	1	958626
3835.952	n/a	NonTarget	1	958988
3837.4	n/a	NonTarget	1	959350
3838.848	n/a	NonTarget	1	959712
3840.296	n/a	Target	2	960074
3841.744	n/a	NonTarget	1	960436
3843.192	n/a	NonTarget	1	960798
3844.64	n/a	NonTarget	1	961160
3846.088	n/a	NonTarget	1	961522
3847.536	n/a	NonTarget	1	961884
3848.984	n/a	Target	2	962246
3850.432	n/a	NonTarget	1	962608
3851.88	n/a	NonTarget	1	962970
3853.328	n/a	NonTarget	1	963332
3854.776	n/a	NonTarget	1	963694
3856.224	n/a	NonTarget	1	964056
3857.672	n/a	NonTarget	1	964418
3859.12	n/a	NonTarget	1	964780
3860.568	n/a	NonTarget	1	965142
3862.016	n/a	NonTarget	1	965504
3863.464	n/a	Target	2	965866
3864.912	n/a	NonTarget	1	966228
3866.36	n/a	NonTarget	1	966590
3867.808	n/a	NonTarget	1	966952
3869.256	n/a	NonTarget	1	967314
3870.704	n/a	NonTarget	1	967676
3872.152	n/a	NonTarget	1	968038
3873.6	n/a	Target	2	968400
3875.048	n/a	NonTarget	1	968762
3876.496	n/a	NonTarget	1	969124
3877.944	n/a	NonTarget	1	969486
3879.392	n/a	NonTarget	1	969848
3880.84	n/a	NonTarget	1	970210
3882.288	n/a	Target	2	970572
3883.736	n/a	NonTarget	1	970934
3885.184	n/a	NonTarget	1	971296
3886.632	n/a	NonTarget	1	971658
3888.08	n/a	NonTarget	1	972020
3889.528	n/a	NonTarget	1	972382
3890.976	n/a	NonTarget	1	972744
3892.424	n/a	NonTarget	1	973106
3893.872	n/a	NonTarget	1	973468
3895.32	n/a	NonTarget	1	973830
3896.768	n/a	NonTarget	1	974192
3898.216	n/a	Target	2	974554
3899.664	n/a	NonTarget	1	974916
3901.112	n/a	NonTarget	1	975278
3902.56	n/a	NonTarget	1	975640
3904.008	n/a	NonTarget	1	976002
3905.456	n/a	Target	2	976364
3906.904	n/a	NonTarget	1	976726
3908.352	n/a	NonTarget	1	977088
3909.8	n/a	NonTarget	1	977450
3911.248	n/a	NonTarget	1	977812
3912.696	n/a	NonTarget	1	978174
3914.144	n/a	NonTarget	1	978536
3915.592	n/a	Target	2	978898
3917.04	n/a	NonTarget	1	979260
3918.488	n/a	NonTarget	1	979622
3919.936	n/a	NonTarget	1	979984
3921.384	n/a	NonTarget	1	980346
3922.832	n/a	NonTarget	1	980708
3924.28	n/a	NonTarget	1	981070
3925.728	n/a	NonTarget	1	981432
3927.176	n/a	NonTarget	1	981794
3928.624	n/a	NonTarget	1	982156
3930.072	n/a	NonTarget	1	982518
3931.52	n/a	NonTarget	1	982880
3932.968	n/a	NonTarget	1	983242
3934.416	n/a	NonTarget	1	983604
3935.864	n/a	NonTarget	1	983966
3937.312	n/a	Target	2	984328
3938.76	n/a	NonTarget	1	984690
3940.208	n/a	NonTarget	1	985052
3941.656	n/a	NonTarget	1	985414
3943.104	n/a	Target	2	985776
3944.552	n/a	NonTarget	1	986138
3946.0	n/a	NonTarget	1	986500
3947.448	n/a	NonTarget	1	986862
3948.896	n/a	NonTarget	1	987224
3950.344	n/a	NonTarget	1	987586
3951.792	n/a	NonTarget	1	987948
3953.24	n/a	NonTarget	1	988310
3954.688	n/a	NonTarget	1	988672
3956.136	n/a	NonTarget	1	989034
3957.584	n/a	NonTarget	1	989396
3959.032	n/a	Target	2	989758
3960.48	n/a	NonTarget	1	990120
3961.928	n/a	NonTarget	1	990482
3963.376	n/a	NonTarget	1	990844
3964.824	n/a	NonTarget	1	991206
3966.272	n/a	NonTarget	1	991568
3967.72	n/a	NonTarget	1	991930
3969.168	n/a	NonTarget	1	992292
3970.616	n/a	NonTarget	1	992654
3972.064	n/a	Target	2	993016
3973.512	n/a	NonTarget	1	993378
3974.96	n/a	NonTarget	1	993740
3976.408	n/a	NonTarget	1	994102
3977.856	n/a	NonTarget	1	994464
3979.304	n/a	NonTarget	1	994826
3980.752	n/a	Target	2	995188
3982.2	n/a	NonTarget	1	995550
3983.648	n/a	NonTarget	1	995912
3985.096	n/a	Target	2	996274
3986.544	n/a	NonTarget	1	996636
3987.992	n/a	NonTarget	1	996998
3989.44	n/a	NonTarget	1	997360
3990.888	n/a	NonTarget	1	997722
3992.336	n/a	NonTarget	1	998084
3993.784	n/a	NonTarget	1	998446
3995.232	n/a	NonTarget	1	998808
3996.68	n/a	NonTarget	1	999170
3998.128	n/a	NonTarget	1	999532
3999.576	n/a	NonTarget	1	999894
4001.024	n/a	NonTarget	1	1000256
4002.472	n/a	NonTarget	1	1000618
4003.92	n/a	NonTarget	1	1000980
4005.368	n/a	Target	2	1001342
4006.816	n/a	NonTarget	1	1001704
4008.264	n/a	NonTarget	1	1002066
4009.712	n/a	NonTarget	1	1002428
4011.16	n/a	NonTarget	1	1002790
4012.608	n/a	NonTarget	1	1003152
4014.056	n/a	Target	2	1003514
4015.504	n/a	NonTarget	1	1003876
4016.952	n/a	NonTarget	1	1004238
4018.4	n/a	NonTarget	1	1004600
4019.848	n/a	NonTarget	1	1004962
4021.296	n/a	NonTarget	1	1005324
4022.744	n/a	NonTarget	1	1005686
4024.192	n/a	Target	2	1006048
4025.64	n/a	NonTarget	1	1006410
4027.088	n/a	NonTarget	1	1006772
4028.536	n/a	NonTarget	1	1007134
4029.984	n/a	NonTarget	1	1007496
4031.432	n/a	NonTarget	1	1007858
4032.88	n/a	NonTarget	1	1008220
4034.328	n/a	NonTarget	1	1008582
4035.776	n/a	Target	2	1008944
4037.224	n/a	NonTarget	1	1009306
4038.672	n/a	NonTarget	1	1009668
4040.12	n/a	NonTarget	1	1010030
4041.568	n/a	NonTarget	1	1010392
4043.016	n/a	NonTarget	1	1010754
4044.464	n/a	NonTarget	1	1011116
4045.912	n/a	NonTarget	1	1011478
4047.36	n/a	NonTarget	1	1011840
4048.808	n/a	NonTarget	1	1012202
4050.256	n/a	Target	2	1012564
4051.704	n/a	NonTarget	1	1012926
4053.152	n/a	NonTarget	1	1013288
4054.6	n/a	NonTarget	1	1013650
4056.048	n/a	NonTarget	1	1014012
4057.496	n/a	NonTarget	1	1014374
4058.944	n/a	NonTarget	1	1014736
4060.392	n/a	NonTarget	1	1015098
4061.84	n/a	NonTarget	1	1015460
4063.288	n/a	Target	2	1015822
4064.736	n/a	NonTarget	1	1016184
4066.184	n/a	NonTarget	1	1016546
4067.632	n/a	Target	2	1016908
4069.08	n/a	NonTarget	1	1017270
4070.528	n/a	NonTarget	1	1017632
4071.976	n/a	NonTarget	1	1017994
4073.424	n/a	NonTarget	1	1018356
4074.872	n/a	NonTarget	1	1018718
4076.32	n/a	NonTarget	1	1019080
4077.768	n/a	NonTarget	1	1019442
4079.216	n/a	NonTarget	1	1019804
4080.664	n/a	NonTarget	1	1020166
4082.112	n/a	NonTarget	1	1020528
4083.56	n/a	NonTarget	1	1020890
4085.008	n/a	Target	2	1021252
4086.456	n/a	NonTarget	1	1021614
4087.904	n/a	NonTarget	1	1021976
4089.352	n/a	NonTarget	1	1022338
4090.8	n/a	NonTarget	1	1022700
4092.248	n/a	NonTarget	1	1023062
4093.696	n/a	Target	2	1023424
4095.144	n/a	NonTarget	1	1023786
4096.592	n/a	NonTarget	1	1024148
4098.04	n/a	NonTarget	1	1024510
4099.488	n/a	NonTarget	1	1024872
4100.936	n/a	NonTarget	1	1025234
4102.384	n/a	NonTarget	1	1025596
4103.832	n/a	NonTarget	1	1025958
4105.28	n/a	NonTarget	1	1026320
4106.728	n/a	NonTarget	1	1026682
4108.176	n/a	NonTarget	1	1027044
4109.624	n/a	Target	2	1027406
4111.072	n/a	NonTarget	1	1027768
4112.52	n/a	NonTarget	1	1028130
4113.968	n/a	NonTarget	1	1028492
4115.416	n/a	NonTarget	1	1028854
4116.864	n/a	NonTarget	1	1029216
4118.312	n/a	NonTarget	1	1029578
4119.76	n/a	NonTarget	1	1029940
4121.208	n/a	NonTarget	1	1030302
4122.656	n/a	Target	2	1030664
4124.104	n/a	NonTarget	1	1031026
4125.552	n/a	Target	2	1031388
4127.0	n/a	NonTarget	1	1031750
4128.448	n/a	NonTarget	1	1032112
4129.896	n/a	NonTarget	1	1032474
4131.344	n/a	NonTarget	1	1032836
4132.792	n/a	NonTarget	1	1033198
4134.24	n/a	NonTarget	1	1033560
4135.688	n/a	NonTarget	1	1033922
4137.136	n/a	NonTarget	1	1034284
4138.584	n/a	NonTarget	1	1034646
4140.032	n/a	Target	2	1035008
4141.48	n/a	NonTarget	1	1035370
4142.928	n/a	NonTarget	1	1035732
4144.376	n/a	NonTarget	1	1036094
4145.824	n/a	NonTarget	1	1036456
4147.272	n/a	NonTarget	1	1036818
4148.72	n/a	NonTarget	1	1037180
4150.168	n/a	NonTarget	1	1037542
4151.616	n/a	Target	2	1037904
4153.064	n/a	NonTarget	1	1038266
4154.512	n/a	NonTarget	1	1038628
4155.96	n/a	NonTarget	1	1038990
4157.408	n/a	NonTarget	1	1039352
4158.856	n/a	NonTarget	1	1039714
4160.304	n/a	NonTarget	1	1040076
4161.752	n/a	Target	2	1040438
4163.2	n/a	NonTarget	1	1040800
4164.648	n/a	NonTarget	1	1041162
4166.096	n/a	NonTarget	1	1041524
4167.544	n/a	NonTarget	1	1041886
4168.992	n/a	NonTarget	1	1042248
4170.44	n/a	NonTarget	1	1042610
4171.888	n/a	Target	2	1042972
4173.336	n/a	NonTarget	1	1043334
4174.784	n/a	NonTarget	1	1043696
4176.232	n/a	NonTarget	1	1044058
4177.68	n/a	NonTarget	1	1044420
4179.128	n/a	NonTarget	1	1044782
4180.576	n/a	NonTarget	1	1045144
4182.024	n/a	NonTarget	1	1045506
4183.472	n/a	NonTarget	1	1045868
4184.92	n/a	Target	2	1046230
4186.368	n/a	NonTarget	1	1046592
4187.816	n/a	NonTarget	1	1046954
4189.264	n/a	NonTarget	1	1047316
4190.712	n/a	NonTarget	1	1047678
4192.16	n/a	NonTarget	1	1048040
4193.608	n/a	NonTarget	1	1048402
4195.056	n/a	NonTarget	1	1048764
4196.504	n/a	NonTarget	1	1049126
4197.952	n/a	NonTarget	1	1049488
4199.4	n/a	NonTarget	1	1049850
4200.848	n/a	NonTarget	1	1050212
4202.296	n/a	NonTarget	1	1050574
4203.744	n/a	Target	2	1050936
4205.192	n/a	NonTarget	1	1051298
4206.64	n/a	NonTarget	1	1051660
4208.088	n/a	NonTarget	1	1052022
4209.536	n/a	NonTarget	1	1052384
4210.984	n/a	NonTarget	1	1052746
4212.432	n/a	NonTarget	1	1053108
4213.88	n/a	Target	2	1053470
4215.328	n/a	NonTarget	1	1053832
4216.776	n/a	NonTarget	1	1054194
4218.224	n/a	NonTarget	1	1054556
4219.672	n/a	NonTarget	1	1054918
4221.12	n/a	NonTarget	1	1055280
4222.568	n/a	NonTarget	1	1055642
4224.016	n/a	NonTarget	1	1056004
4225.464	n/a	Target	2	1056366
4226.912	n/a	NonTarget	1	1056728
4228.36	n/a	NonTarget	1	1057090
4229.808	n/a	NonTarget	1	1057452
4231.256	n/a	NonTarget	1	1057814
4232.704	n/a	NonTarget	1	1058176
4234.152	n/a	NonTarget	1	1058538
4235.6	n/a	Target	2	1058900
4237.048	n/a	NonTarget	1	1059262
4238.496	n/a	NonTarget	1	1059624
4239.944	n/a	NonTarget	1	1059986
4241.392	n/a	NonTarget	1	1060348
4242.84	n/a	NonTarget	1	1060710
4244.288	n/a	NonTarget	1	1061072
4245.736	n/a	NonTarget	1	1061434
4247.184	n/a	NonTarget	1	1061796
4248.632	n/a	NonTarget	1	1062158
4250.08	n/a	Target	2	1062520
4251.528	n/a	NonTarget	1	1062882
4252.976	n/a	Target	2	1063244
4254.424	n/a	NonTarget	1	1063606
4255.872	n/a	NonTarget	1	1063968
4257.32	n/a	NonTarget	1	1064330
4258.768	n/a	NonTarget	1	1064692
4260.216	n/a	NonTarget	1	1065054
4261.664	n/a	NonTarget	1	1065416
4263.112	n/a	NonTarget	1	1065778
4264.56	n/a	NonTarget	1	1066140
4266.008	n/a	NonTarget	1	1066502
4267.456	n/a	NonTarget	1	1066864
4268.904	n/a	NonTarget	1	1067226
4270.352	n/a	Target	2	1067588
4271.8	n/a	NonTarget	1	1067950
4273.248	n/a	NonTarget	1	1068312
4274.696	n/a	NonTarget	1	1068674
4276.144	n/a	NonTarget	1	1069036
4277.592	n/a	Target	2	1069398
4279.04	n/a	NonTarget	1	1069760
4280.488	n/a	NonTarget	1	1070122
4281.936	n/a	NonTarget	1	1070484
4283.384	n/a	NonTarget	1	1070846
4284.832	n/a	NonTarget	1	1071208
4286.28	n/a	NonTarget	1	1071570
4287.728	n/a	NonTarget	1	1071932
4289.176	n/a	Target	2	1072294
4290.624	n/a	NonTarget	1	1072656
4292.072	n/a	NonTarget	1	1073018
4293.52	n/a	NonTarget	1	1073380
4294.968	n/a	NonTarget	1	1073742
4296.416	n/a	NonTarget	1	1074104
4297.864	n/a	Target	2	1074466
4299.312	n/a	NonTarget	1	1074828
4300.76	n/a	NonTarget	1	1075190
4302.208	n/a	NonTarget	1	1075552
4303.656	n/a	NonTarget	1	1075914
4305.104	n/a	NonTarget	1	1076276
4306.552	n/a	NonTarget	1	1076638
4308.0	n/a	NonTarget	1	1077000
4309.448	n/a	Target	2	1077362
4310.896	n/a	NonTarget	1	1077724
4312.344	n/a	NonTarget	1	1078086
4313.792	n/a	NonTarget	1	1078448
4315.24	n/a	NonTarget	1	1078810
4316.688	n/a	NonTarget	1	1079172
4318.136	n/a	NonTarget	1	1079534
4319.584	n/a	NonTarget	1	1079896
4321.032	n/a	NonTarget	1	1080258
4322.48	n/a	NonTarget	1	1080620
4323.928	n/a	NonTarget	1	1080982
4325.376	n/a	NonTarget	1	1081344
4326.824	n/a	NonTarget	1	1081706
4328.272	n/a	NonTarget	1	1082068
4329.72	n/a	NonTarget	1	1082430
4331.168	n/a	Target	2	1082792
4332.616	n/a	NonTarget	1	1083154
4334.064	n/a	NonTarget	1	1083516
4335.512	n/a	NonTarget	1	1083878
4336.96	n/a	Target	2	1084240
4338.408	n/a	NonTarget	1	1084602
4339.856	n/a	NonTarget	1	1084964
4341.304	n/a	NonTarget	1	1085326
4342.752	n/a	NonTarget	1	1085688
4344.2	n/a	NonTarget	1	1086050
4345.648	n/a	NonTarget	1	1086412
4347.096	n/a	Target	2	1086774
4348.544	n/a	NonTarget	1	1087136
4349.992	n/a	NonTarget	1	1087498
4351.44	n/a	NonTarget	1	1087860
4352.888	n/a	NonTarget	1	1088222
4354.336	n/a	NonTarget	1	1088584
4355.784	n/a	NonTarget	1	1088946
4357.232	n/a	NonTarget	1	1089308
4358.68	n/a	NonTarget	1	1089670
4360.128	n/a	Target	2	1090032
4361.576	n/a	NonTarget	1	1090394
4363.024	n/a	NonTarget	1	1090756
4364.472	n/a	NonTarget	1	1091118
4365.92	n/a	NonTarget	1	1091480
4367.368	n/a	NonTarget	1	1091842
4368.816	n/a	NonTarget	1	1092204
4370.264	n/a	NonTarget	1	1092566
4371.712	n/a	NonTarget	1	1092928
4373.16	n/a	NonTarget	1	1093290
4374.608	n/a	NonTarget	1	1093652
4376.056	n/a	Target	2	1094014
4377.504	n/a	NonTarget	1	1094376
4378.952	n/a	NonTarget	1	1094738
4380.4	n/a	Target	2	1095100
4381.848	n/a	NonTarget	1	1095462
4383.296	n/a	NonTarget	1	1095824
4384.744	n/a	NonTarget	1	1096186
4386.192	n/a	NonTarget	1	1096548
4387.64	n/a	NonTarget	1	1096910
4389.088	n/a	NonTarget	1	1097272
4390.536	n/a	NonTarget	1	1097634
4391.984	n/a	Target	2	1097996
4393.432	n/a	NonTarget	1	1098358
4394.88	n/a	NonTarget	1	1098720
4396.328	n/a	NonTarget	1	1099082
4397.776	n/a	NonTarget	1	1099444
4399.224	n/a	NonTarget	1	1099806
4400.672	n/a	NonTarget	1	1100168
4402.12	n/a	NonTarget	1	1100530
4403.568	n/a	NonTarget	1	1100892
4405.016	n/a	NonTarget	1	1101254
4406.464	n/a	NonTarget	1	1101616
4407.912	n/a	NonTarget	1	1101978
4409.36	n/a	NonTarget	1	1102340
4410.808	n/a	NonTarget	1	1102702
4412.256	n/a	Target	2	1103064
4413.704	n/a	NonTarget	1	1103426
4415.152	n/a	NonTarget	1	1103788
4416.6	n/a	NonTarget	1	1104150
4418.048	n/a	NonTarget	1	1104512
4419.496	n/a	NonTarget	1	1104874
4420.944	n/a	NonTarget	1	1105236
4422.392	n/a	NonTarget	1	1105598
4423.84	n/a	Target	2	1105960
4425.288	n/a	NonTarget	1	1106322
4426.736	n/a	NonTarget	1	1106684
4428.184	n/a	Target	2	1107046
4429.632	n/a	NonTarget	1	1107408
4431.08	n/a	NonTarget	1	1107770
4432.528	n/a	NonTarget	1	1108132
4433.976	n/a	NonTarget	1	1108494
4435.424	n/a	NonTarget	1	1108856
4436.872	n/a	NonTarget	1	1109218
4438.32	n/a	Target	2	1109580
4439.768	n/a	NonTarget	1	1109942
4441.216	n/a	NonTarget	1	1110304
4442.664	n/a	NonTarget	1	1110666
4444.112	n/a	NonTarget	1	1111028
4445.56	n/a	NonTarget	1	1111390
4447.008	n/a	NonTarget	1	1111752
4448.456	n/a	NonTarget	1	1112114
4449.904	n/a	NonTarget	1	1112476
4451.352	n/a	NonTarget	1	1112838
4452.8	n/a	Target	2	1113200
4454.248	n/a	NonTarget	1	1113562
4455.696	n/a	NonTarget	1	1113924
4457.144	n/a	NonTarget	1	1114286
4458.592	n/a	NonTarget	1	1114648
4460.04	n/a	NonTarget	1	1115010
4461.488	n/a	NonTarget	1	1115372
4462.936	n/a	NonTarget	1	1115734
4464.384	n/a	NonTarget	1	1116096
4465.832	n/a	NonTarget	1	1116458
4467.28	n/a	NonTarget	1	1116820
4468.728	n/a	NonTarget	1	1117182
4470.176	n/a	Target	2	1117544
4471.624	n/a	NonTarget	1	1117906
4473.072	n/a	NonTarget	1	1118268
4474.52	n/a	NonTarget	1	1118630
4475.968	n/a	NonTarget	1	1118992
4477.416	n/a	NonTarget	1	1119354
4478.864	n/a	NonTarget	1	1119716
4480.312	n/a	NonTarget	1	1120078
4481.76	n/a	Target	2	1120440
4483.208	n/a	NonTarget	1	1120802
4484.656	n/a	NonTarget	1	1121164
4486.104	n/a	NonTarget	1	1121526
4487.552	n/a	NonTarget	1	1121888
4489.0	n/a	NonTarget	1	1122250
4490.448	n/a	Target	2	1122612
4491.896	n/a	NonTarget	1	1122974
4493.344	n/a	NonTarget	1	1123336
4494.792	n/a	NonTarget	1	1123698
4496.24	n/a	NonTarget	1	1124060
4497.688	n/a	NonTarget	1	1124422
4499.136	n/a	NonTarget	1	1124784
4500.584	n/a	NonTarget	1	1125146
4502.032	n/a	Target	2	1125508
4503.48	n/a	NonTarget	1	1125870
4504.928	n/a	NonTarget	1	1126232
4506.376	n/a	NonTarget	1	1126594
4507.824	n/a	NonTarget	1	1126956
4509.272	n/a	Target	2	1127318
4510.72	n/a	NonTarget	1	1127680
4512.168	n/a	NonTarget	1	1128042
4513.616	n/a	NonTarget	1	1128404
4515.064	n/a	NonTarget	1	1128766
4516.512	n/a	NonTarget	1	1129128
4517.96	n/a	NonTarget	1	1129490
4519.408	n/a	NonTarget	1	1129852
4520.856	n/a	NonTarget	1	1130214
4522.304	n/a	NonTarget	1	1130576
4523.752	n/a	NonTarget	1	1130938
4525.2	n/a	NonTarget	1	1131300
4526.648	n/a	NonTarget	1	1131662
4528.096	n/a	Target	2	1132024
4529.544	n/a	NonTarget	1	1132386
4530.992	n/a	NonTarget	1	1132748
4532.44	n/a	Target	2	1133110
4533.888	n/a	NonTarget	1	1133472
4535.336	n/a	NonTarget	1	1133834
4536.784	n/a	NonTarget	1	1134196
4538.232	n/a	NonTarget	1	1134558
4539.68	n/a	NonTarget	1	1134920
4541.128	n/a	NonTarget	1	1135282
4542.576	n/a	NonTarget	1	1135644
4544.024	n/a	NonTarget	1	1136006
4545.472	n/a	NonTarget	1	1136368
4546.92	n/a	NonTarget	1	1136730
4548.368	n/a	Target	2	1137092
4549.816	n/a	NonTarget	1	1137454
4551.264	n/a	NonTarget	1	1137816
4552.712	n/a	NonTarget	1	1138178
4554.16	n/a	NonTarget	1	1138540
4555.608	n/a	NonTarget	1	1138902
4557.056	n/a	NonTarget	1	1139264
4558.504	n/a	Target	2	1139626
4559.952	n/a	NonTarget	1	1139988
4561.4	n/a	NonTarget	1	1140350
4562.848	n/a	NonTarget	1	1140712
4564.296	n/a	NonTarget	1	1141074
4565.744	n/a	Target	2	1141436
4567.192	n/a	NonTarget	1	1141798
4568.64	n/a	NonTarget	1	1142160
4570.088	n/a	NonTarget	1	1142522
4571.536	n/a	NonTarget	1	1142884
4572.984	n/a	NonTarget	1	1143246
4574.432	n/a	NonTarget	1	1143608
4575.88	n/a	NonTarget	1	1143970
4577.328	n/a	NonTarget	1	1144332
4578.776	n/a	NonTarget	1	1144694
4580.224	n/a	NonTarget	1	1145056
4581.672	n/a	NonTarget	1	1145418
4583.12	n/a	NonTarget	1	1145780
4584.568	n/a	Target	2	1146142
4586.016	n/a	NonTarget	1	1146504
4587.464	n/a	Target	2	1146866
4588.912	n/a	NonTarget	1	1147228
4590.36	n/a	NonTarget	1	1147590
4591.808	n/a	NonTarget	1	1147952
4593.256	n/a	NonTarget	1	1148314
4594.704	n/a	NonTarget	1	1148676
4596.152	n/a	NonTarget	1	1149038
4597.6	n/a	NonTarget	1	1149400
4599.048	n/a	NonTarget	1	1149762
4600.496	n/a	NonTarget	1	1150124
4601.944	n/a	NonTarget	1	1150486
4603.392	n/a	Target	2	1150848
4604.84	n/a	NonTarget	1	1151210
4606.288	n/a	NonTarget	1	1151572
4607.736	n/a	NonTarget	1	1151934
4609.184	n/a	NonTarget	1	1152296
4610.632	n/a	NonTarget	1	1152658
4612.08	n/a	NonTarget	1	1153020
4613.528	n/a	NonTarget	1	1153382
4614.976	n/a	NonTarget	1	1153744
4616.424	n/a	Target	2	1154106
4617.872	n/a	NonTarget	1	1154468
4619.32	n/a	NonTarget	1	1154830
4620.768	n/a	NonTarget	1	1155192
4622.216	n/a	NonTarget	1	1155554
4623.664	n/a	NonTarget	1	1155916
4625.112	n/a	NonTarget	1	1156278
4626.56	n/a	NonTarget	1	1156640
4628.008	n/a	Target	2	1157002
4629.456	n/a	NonTarget	1	1157364
4630.904	n/a	NonTarget	1	1157726
4632.352	n/a	NonTarget	1	1158088
